date ortp no3 silica temp light chla phyto micro osci sce syn clad daph
32143 0.001353 0.415706 4.171 6.15 116.1 0.063676 2.648128461185182 294 0 205 0 0.00028 0.0098
32144 0.001324 0.434147 4.185 6.08 90.5625 0.062962 2.551465319105222 264 0 188 0 0.00026 0.0091
32145 0.001294 0.452588 4.2 6.01 14.85 0.062247 2.462982934080423 235 0 171 0 0.00024 0.0084
32146 0.001265 0.471029 4.215 5.94 91.125 0.061532 2.3787400301210364 205 0 154 0 0.00021 0.00735
32147 0.001235 0.489471 4.229 5.87 29.475 0.060818 2.2945243516192173 176 0 136 0 0.00019 0.00665
32148 0.001206 0.507912 4.244 5.8 127.4625 0.060103 2.2103044627208672 147 0 119 0 0.00016 0.0056
32149 0.001177 0.526353 4.259 5.73 48.4875 0.059388 2.126058106679005 117 0 102 0 0.00014 0.0049
32150 0.001147 0.544794 4.273 5.66 89.55 0.058674 2.041813521162199 88 0 85 0 0.00012 0.0042
32151 0.001118 0.563235 4.288 5.59 120.4875 0.057959 1.957570706170449 58 0 68 0 9E-05 0.00315
32152 0.001088 0.581676 4.302 5.51 134.325 0.057244 1.8733296617037551 29 0 51 0 7E-05 0.00245
32153 0.001059 0.600118 4.317 5.44 135.5625 0.056529 1.7890903877621174 0 0 34 0 5E-05 0.00175
32154 0.001029 0.618559 4.332 5.37 111.6 0.055815 1.72924778506087 0 0 17 0 2E-05 0.0007
32155 0.001 0.637 4.346 5.3 120.4875 0.0551 1.6897068478616355 0 0 0 0 0 0
32156 0.001111 0.635111 4.361 5.23 109.125 0.054079 1.6508805917707376 0 0 21 0 0 0
32157 0.001222 0.633222 4.348 5.16 74.25 0.053058 1.6137544311024576 0 0 43 0 0 0
32158 0.001333 0.631333 4.334 5.09 84.9375 0.052037 1.5785044170210274 0 0 64 0 0 0
32159 0.001444 0.629444 4.321 5.02 132.4125 0.051016 1.5438882095554585 0 0 86 0 0 0
32160 0.001556 0.627556 4.308 4.95 117.675 0.049994 1.5098428568826692 0 0 107 0 0 0
32161 0.001667 0.625667 4.294 4.88 128.025 0.048973 1.476088369384845 0 0 129 0 0 0
32162 0.001778 0.623778 4.281 4.81 55.4625 0.047952 1.4415917406034473 0 0 150 0 0 0
32163 0.001889 0.621889 4.267 4.74 92.25 0.046931 1.4067562588217688 0 0 172 0 0 0
32164 0.002 0.62 4.254 4.67 66.7125 0.04591 1.3715328644915241 0 0 194 0 0 0
32165 0.002111 0.618111 4.241 4.6 145.125 0.044889 1.3376959047261685 0 0 215 0 0 0
32166 0.002222 0.616222 4.227 4.68 136.6875 0.043868 1.3076889724463663 0 0 237 0 0 0
32167 0.002333 0.614333 4.214 4.75 134.6625 0.042847 1.2801633420544338 0 0 258 0 0 0
32168 0.002444 0.612444 4.201 4.83 112.05 0.041826 1.2549499434327986 0 0 280 0 0 0
32169 0.002556 0.610556 4.187 4.9 140.9625 0.040804 1.2317562430343154 0 0 301 0 0 0
32170 0.002667 0.608667 4.174 4.98 126.675 0.039783 1.2106227043019409 0 0 323 0 0 0
32171 0.002778 0.606778 4.16 5.06 149.4 0.038762 1.1912619500474007 0 0 344 0 0 0
32172 0.002889 0.604889 4.147 5.13 140.9625 0.037741 1.17374086302524 0 0 366 0 0 0
32173 0.003 0.603 4.134 5.21 122.4 0.03672 1.15780735848479 0 0 388 0 0 0
32174 0.003111 0.601111 4.12 5.28 118.6875 0.035699 1.1434815650549037 0 0 409 0 0 0
32175 0.003222 0.599222 4.107 5.36 136.0125 0.034678 1.1307215159576698 0 0 431 0 0 0
32176 0.003333 0.597333 4.094 5.43 160.0875 0.033657 1.1193130412246843 0 0 452 0 0 0
32177 0.003444 0.595444 4.08 5.51 110.25 0.032636 1.109189618311854 0 0 474 0 0 0
32178 0.003556 0.593556 4.067 5.59 20.475 0.031614 1.1002846690364485 0 0 495 0 0 0
32179 0.003667 0.591667 4.054 5.66 157.3875 0.030593 1.0926493994058566 0 0 517 0 0 0
32180 0.003778 0.589778 4.04 5.74 173.025 0.029572 1.0862676878317363 0 0 538 0 0 0
32181 0.003889 0.587889 4.027 5.81 165.4875 0.028551 1.0810580820106401 0 0 560 0 0 0
32182 0.004 0.586 4.013 5.89 162 0.02753 1.0769775448857826 0 0 582 0 0 0
32183 0.003966 0.57831 4 5.97 125.2125 0.027612 1.0739830210891528 0 0 582 0 0 0
32184 0.003931 0.570621 4.004 6.04 83.475 0.027693 1.0720316728196932 0 0 582 0 0 0
32185 0.003897 0.562931 4.007 6.12 147.9375 0.027775 1.0711245925412887 0 0 582 0 0 0
32186 0.003862 0.555241 4.01 6.19 137.5875 0.027857 1.0712956613462299 0 0 582 0 0 0
32187 0.003828 0.547552 4.014 6.27 179.8875 0.027939 1.0724723570272359 0 0 582 0 0 0
32188 0.003793 0.539862 4.017 6.34 172.9125 0.02802 1.0746248513565357 0 0 582 0 0 0
32189 0.003759 0.532172 4.021 6.42 154.35 0.028102 1.077723316106359 0 0 582 0 0 0
32190 0.003724 0.524483 4.024 6.5 179.6625 0.028184 1.0818282069144347 0 0 582 0 0 0
32191 0.00369 0.516793 4.028 6.57 181.4625 0.028266 1.0868794209403647 0 0 582 0 0 0
32192 0.003655 0.509103 4.031 6.65 181.2375 0.028347 1.0928549656979547 0 0 582 0 0 0
32193 0.003621 0.501414 4.035 6.72 187.65 0.028429 1.0997356014186133 0 0 582 0 0 0
32194 0.003586 0.493724 4.038 6.8 190.4625 0.028511 1.108092897748615 0 0 582 0 0 0
32195 0.003552 0.486034 4.042 6.99 97.9875 0.028592 1.1184526879040992 0 0 582 0 0 0
32196 0.003517 0.478345 4.045 7.18 100.0125 0.028674 1.1305431290187233 0 0 582 0 0 0
32197 0.003483 0.470655 4.049 7.37 47.7 0.028756 1.144493181750521 0 0 582 0 0 0
32198 0.003448 0.462966 4.052 7.55 58.6125 0.028838 1.1604363381136382 0 0 582 0 0 0
32199 0.003414 0.455276 4.056 7.74 60.975 0.028919 1.1785884914658868 0 0 582 0 0 0
32200 0.003379 0.447586 4.059 7.93 192.6 0.029001 1.1990439897076006 0 0 582 0 0 0
32201 0.003345 0.439897 4.063 8.12 136.125 0.029083 1.2219421064387823 0 0 582 0 0 0
32202 0.00331 0.432207 4.066 8.31 22.8375 0.029164 1.247422115259434 0 0 582 0 0 0
32203 0.003276 0.424517 4.07 8.5 32.85 0.029246 1.2750741890712167 0 0 582 0 0 0
32204 0.003241 0.416828 4.073 8.69 121.725 0.029328 1.3040853548323526 0 0 582 0 0 0
32205 0.003207 0.409138 4.077 8.87 199.575 0.02941 1.3355610434345557 0 0 582 0 0 0
32206 0.003172 0.401448 4.08 9.06 98.8875 0.029491 1.3697091591338275 0 0 582 0 0 0
32207 0.003138 0.393759 4.084 9.25 151.65 0.029573 1.4055028740657194 0 0 582 0 0 0
32208 0.003103 0.386069 4.087 9.44 154.9125 0.029655 1.443305455887674 0 0 582 0 0 0
32209 0.003069 0.378379 4.091 9.63 177.4125 0.029737 1.4835563633906215 0 0 582 0 0 0
32210 0.003035 0.37069 4.094 9.82 222.975 0.029818 1.5265273711064122 0 0 582 0 0 0
32211 0.003 0.363 4.098 10.01 223.7625 0.0299 1.5729891431170215 0 0 582 0 0 0
32212 0.002971 0.352686 4.101 10.19 191.8125 0.031384 1.6227040428577606 0 0 564 0 0 0
32213 0.002943 0.342371 3.988 10.38 158.2875 0.032867 1.6696192680037751 0 0 547 0 0 0
32214 0.002914 0.332057 3.875 10.57 222.4125 0.034351 1.7165744138565444 0 0 530 0 0 0
32215 0.002886 0.321743 3.761 10.76 182.925 0.035835 1.7650577256902007 0 0 513 0 0 0
32216 0.002857 0.311429 3.648 10.95 243.5625 0.037319 1.8160706378145433 0 0 496 0 0 0
32217 0.002829 0.301114 3.535 11.14 46.9125 0.038802 1.8670690074808824 0 0 479 0 0 0
32218 0.0028 0.2908 3.422 11.33 52.2 0.040286 1.9197266188610407 0 0 462 0 0 0
32219 0.002771 0.280486 3.309 11.51 199.2375 0.04177 1.9757845433850578 0 0 445 0 0 0
32220 0.002743 0.270171 3.195 11.7 171 0.043253 2.035213504139255 0 0 427 0 0 0
32221 0.002714 0.259857 3.082 11.89 65.1375 0.044737 2.09435862914222 0 0 410 0 0 0
32222 0.002686 0.249543 2.969 12.08 28.6875 0.046221 2.1456479589012902 0 0 393 0 0 0
32223 0.002657 0.239229 2.856 12.27 222.975 0.047705 2.1965540651765787 0 0 376 0 0 0
32224 0.002629 0.228914 2.743 12.46 258.75 0.049188 2.246663156692752 0 0 359 0 0 0
32225 0.0026 0.2186 2.629 12.65 73.8 0.050672 2.295311950346769 0 0 342 0 0 0
32226 0.002571 0.208286 2.516 12.83 22.5 0.052156 2.34364453573961 0 0 325 0 0 0
32227 0.002543 0.197971 2.403 13.02 209.5875 0.053639 2.3891655538187893 0 0 308 0 0 0
32228 0.002514 0.187657 2.29 13.21 203.5125 0.055123 2.4335093980453606 0 0 291 0 0 0
32229 0.002486 0.177343 2.177 13.4 52.9875 0.056607 2.4769132760137067 0 0 273 0 0 0
32230 0.002457 0.167029 2.063 13.57 68.0625 0.058091 2.52054679113008 0 0 256 0 0 0
32231 0.002429 0.156714 1.95 13.75 76.5 0.059574 2.5615512839625194 0 0 239 0 0 0
32232 0.0024 0.1464 1.837 13.92 128.925 0.061058 2.600092366396553 0 0 222 0 0 0
32233 0.002371 0.136086 1.724 14.09 117.9 0.062542 2.6368816797125185 0 0 205 0 0 0
32234 0.002343 0.125771 1.611 14.27 202.05 0.064025 2.6719741640025245 0 0 188 0 0 0
32235 0.002314 0.115457 1.497 14.44 226.8 0.065509 2.705469788537024 0 0 171 0 0 0
32236 0.002286 0.105143 1.384 14.61 116.4375 0.066993 2.73741186223733 0 0 154 0 0 0
32237 0.002257 0.094829 1.271 14.78 234.9 0.068477 2.767754755987229 0 0 136 0 0 0
32238 0.002229 0.084514 1.158 14.96 56.1375 0.06996 2.7968165651441232 0 0 119 0 0 0
32239 0.0022 0.0742 1.045 15.13 89.775 0.071444 2.824498283974364 0 0 102 0 0 0
32240 0.002171 0.063886 0.931 15.3 288.3375 0.072928 2.850734608664136 0 0 85 0 0 0
32241 0.002143 0.053571 0.818 15.48 271.575 0.074411 2.875525539213439 0 0 68 0 0 0
32242 0.002114 0.043257 0.705 15.65 273.7125 0.075895 2.8992091160268734 0 0 51 0 0 0
32243 0.002086 0.032943 0.592 15.82 155.3625 0.077379 2.922186848695962 0 0 34 0 0 0
32244 0.002057 0.022629 0.479 16 36.7875 0.078863 2.944066636230575 0 0 17 0 0 0
32245 0.002029 0.012314 0.365 16.17 190.9125 0.080346 2.9648484786307128 0 0 0 0 0 0
32246 0.002 0.002 0.252 16.34 278.775 0.08183 2.984537515300699 0 0 270 2163 1E-05 0.00035
32247 0.001962 0.001981 0.139 16.52 292.8375 0.082542 3.0035757686826274 0 0 540 4326 2E-05 0.0007
32248 0.001923 0.001963 0.144 16.69 245.25 0.083253 3.0216829902699454 0 0 811 6489 3E-05 0.00105
32249 0.001885 0.001944 0.149 16.86 195.6375 0.083965 3.038859180062653 0 0 1081 8652 4E-05 0.0014
32250 0.001846 0.001926 0.154 17.03 215.6625 0.084676 3.0551043380607505 0 0 1351 10816 5E-05 0.00175
32251 0.001808 0.001907 0.159 17.21 232.65 0.085388 3.0709790589235637 0 0 1622 12979 6E-05 0.0021
32252 0.001769 0.001889 0.164 17.38 180.675 0.086099 3.086554399327136 0 0 1892 15142 7E-05 0.00245
32253 0.001731 0.00187 0.169 17.55 101.925 0.086811 3.10155801740757 0 0 2163 17305 9E-05 0.00315
32254 0.001692 0.001852 0.174 17.73 160.875 0.087522 3.1159899131648654 0 0 2433 19468 0.0001 0.0035
32255 0.001654 0.001833 0.179 17.9 268.9875 0.088234 3.129890556779737 0 0 2703 21632 0.00011 0.00385
32256 0.001615 0.001815 0.184 18.15 292.3875 0.088945 3.143538271862446 0 0 2974 23795 0.00012 0.0042
32257 0.001577 0.001796 0.189 18.39 281.3625 0.089657 3.1571802963084936 0 0 3244 25958 0.00013 0.00455
32258 0.001539 0.001778 0.194 18.64 177.1875 0.090368 3.171360174840594 0 0 3515 28121 0.00014 0.0049
32259 0.0015 0.001759 0.199 18.89 287.6625 0.09108 3.1858434009952603 0 0 3785 30285 0.00015 0.00525
32260 0.001462 0.001741 0.204 19.13 57.15 0.091792 3.199303686234211 0 0 4055 32448 0.00016 0.0056
32261 0.001423 0.001722 0.209 19.38 283.6125 0.092503 3.2118919670608803 0 0 4326 34611 0.00017 0.00595
32262 0.001385 0.001704 0.214 19.63 262.575 0.093215 3.2267233677294116 0 0 4596 36774 0.00018 0.0063
32263 0.001346 0.001685 0.219 19.87 172.35 0.093926 3.2435803441516593 0 0 4867 38937 0.00019 0.00665
32264 0.001308 0.001667 0.224 20.12 199.8 0.094638 3.2633517333458113 0 0 5137 41101 0.0002 0.007
32265 0.001269 0.001648 0.229 20.36 167.2875 0.095349 3.2866483084593083 0 0 5407 43264 0.00021 0.00735
32266 0.001231 0.00163 0.234 20.61 250.2 0.096061 3.31404449250855 0 0 5678 45427 0.00023 0.00805
32267 0.001192 0.001611 0.239 20.86 309.0375 0.096772 3.3314809261329077 0 0 5948 47590 0.00024 0.0084
32268 0.001154 0.001593 0.244 21.1 78.975 0.097484 3.3379169996420592 0 0 6219 49753 0.00025 0.00875
32269 0.001115 0.001574 0.249 21.35 283.275 0.098195 3.3442962013985515 0 0 6489 51917 0.00026 0.0091
32270 0.001077 0.001556 0.254 21.6 304.7625 0.098907 3.352367002381107 0 0 6759 54080 0.00027 0.00945
32271 0.001039 0.001537 0.259 21.84 156.7125 0.099618 3.36130961273337 0 0 7030 56243 0.00028 0.0098
32272 0.001 0.001519 0.264 22.09 227.025 0.10033 3.3716336596673613 0 0 7300 58406 0.00029 0.01015
32273 0.001107 0.0015 0.269 22.34 66.15 0.099573 3.3841604415659536 325 171 7571 60570 0.0003 0.0105
32274 0.001214 0.001481 0.287 22.58 308.475 0.098815 3.3997269359875175 651 342 7571 58758 0.00033 0.01155
32275 0.001321 0.001463 0.305 22.83 77.0625 0.098058 3.4168156407587977 978 513 7571 56946 0.00035 0.01225
32276 0.001429 0.001444 0.323 23.08 176.9625 0.0973 3.4230796165184665 1304 685 7571 55134 0.00038 0.0133
32277 0.001536 0.001426 0.341 23.32 302.0625 0.096543 3.4276169917802704 1631 856 7571 53322 0.0004 0.014
32278 0.001643 0.001407 0.359 23.57 311.0625 0.095785 3.4327309261342296 1957 1027 7571 51510 0.00043 0.01505
32279 0.00175 0.001389 0.376 23.81 250.65 0.095028 3.4395743299571144 2284 1199 7571 49698 0.00046 0.0161
32280 0.001857 0.00137 0.394 24.06 269.325 0.09427 3.4482217897513325 2610 1370 7571 47886 0.00048 0.0168
32281 0.001964 0.001352 0.412 24.31 86.4 0.093513 3.458798647626462 2936 1541 7571 46074 0.00051 0.01785
32282 0.002071 0.001333 0.43 24.55 68.0625 0.092755 3.4671837653565607 3262 1712 7571 44262 0.00053 0.01855
32283 0.002179 0.001315 0.448 24.8 43.0875 0.091998 3.476745014072923 3589 1884 7571 42450 0.00056 0.0196
32284 0.002286 0.001296 0.466 24.8 233.4375 0.09124 3.4841108913083976 3915 2055 7571 40638 0.00059 0.02065
32285 0.002393 0.001278 0.484 24.8 158.625 0.090483 3.4896970616148453 4242 2226 7571 38826 0.00061 0.02135
32286 0.0025 0.001259 0.502 24.8 261.5625 0.089725 3.494309042107609 4568 2398 7571 37015 0.00064 0.0224
32287 0.002607 0.001241 0.52 24.8 165.6 0.088968 3.4977364573200687 4895 2569 7571 35203 0.00066 0.0231
32288 0.002714 0.001222 0.537 24.8 118.575 0.08821 3.498190579719279 5221 2740 7571 33391 0.00069 0.02415
32289 0.002821 0.001204 0.555 24.8 269.8875 0.087453 3.498526234300685 5548 2912 7571 31579 0.00071 0.02485
32290 0.002929 0.001185 0.573 24.8 246.9375 0.086695 3.498993541289292 5873 3083 7571 29767 0.00074 0.0259
32291 0.003036 0.001167 0.591 24.8 265.3875 0.085938 3.499239706150809 6199 3254 7571 27955 0.00077 0.02695
32292 0.003143 0.001148 0.609 24.8 158.5125 0.08518 3.499485781323296 6526 3425 7571 26143 0.00079 0.02765
32293 0.00325 0.00113 0.627 24.8 112.725 0.084423 3.499731856495782 6852 3597 7571 24331 0.00082 0.0287
32294 0.003357 0.001111 0.645 24.8 52.875 0.083665 3.499900918210267 7179 3768 7571 22519 0.00084 0.0294
32295 0.003464 0.001093 0.663 24.8 252 0.082908 3.4999400514529873 7505 3939 7571 20707 0.00087 0.03045
32296 0.003571 0.001074 0.681 24.8 330.975 0.08215 3.499979184695708 7832 4111 7571 18895 0.0009 0.0315
32297 0.003679 0.001056 0.698 24.8 320.175 0.081393 3.500018317938428 8158 4282 7571 17083 0.00092 0.0322
32298 0.003786 0.001037 0.716 24.8 292.1625 0.080635 3.500027217400755 8484 4453 7571 15271 0.00095 0.03325
32299 0.003893 0.001019 0.734 24.8 239.9625 0.079878 3.5000168348022287 8810 4624 7571 13459 0.00097 0.03395
32300 0.004 0.001 0.752 24.8 151.7625 0.07912 3.4999962345046325 9137 4796 7571 11648 0.001 0.035
32301 0.003943 0.001143 0.77 24.8 125.1 0.080242 3.4999654165079663 9463 4967 7379 11329 0.00483 0.16905
32302 0.003886 0.001286 0.895 24.8 241.875 0.081365 3.4999243808122302 9790 5138 7188 11011 0.00866 0.3031
32303 0.003829 0.001429 1.021 24.8 73.6875 0.082487 3.4998731274174237 10116 5310 6996 10693 0.01249 0.43715
32304 0.003771 0.001571 1.146 24.8 206.4375 0.083609 3.4998116563235473 10443 5481 6805 10375 0.01631 0.57085
32305 0.003714 0.001714 1.271 24.8 260.4375 0.084731 3.4999546659131777 10769 5652 6614 10056 0.02014 0.7049
32306 0.003657 0.001857 1.397 24.8 270.7875 0.085854 3.5001824172677036 11096 5824 6422 9738 0.02397 0.83895
32307 0.0036 0.002 1.522 24.8 169.3125 0.086976 3.5002114728869085 16663 5616 6231 9420 0.0278 0.973
32308 0.003543 0.002143 1.647 24.8 268.875 0.088098 3.500123210417869 22230 5408 6040 9102 0.03163 1.10705
32309 0.003486 0.002286 1.773 24.8 113.9625 0.089221 3.50000233444941 27797 5200 5848 8783 0.03546 1.2411
32310 0.003429 0.002429 1.898 24.8 251.775 0.090343 3.4998814584809512 33364 4992 5657 8465 0.03929 1.37515
32311 0.003371 0.002571 2.023 24.8 213.525 0.091465 3.499765438537813 38931 4784 5466 8147 0.04311 1.50885
32312 0.003314 0.002714 2.149 24.8 119.475 0.092587 3.4997097136916175 44498 4576 5274 7829 0.04694 1.6429
32313 0.003257 0.002857 2.274 24.8 322.425 0.09371 3.4997409311481333 50065 4368 5083 7511 0.05077 1.77695
32314 0.0032 0.003 2.399 24.8 234.9 0.094832 3.499781177559233 55632 4160 4892 7192 0.0546 1.911
32315 0.003143 0.003143 2.524 24.8 84.9375 0.095954 3.499821423970333 61199 3952 4700 6874 0.05843 2.04505
32316 0.003086 0.003286 2.65 24.8 42.075 0.097077 3.500019418211703 66766 3744 4509 6556 0.06226 2.1791
32317 0.003029 0.003429 2.775 24.8 142.3125 0.098199 3.5012159626601047 72333 3536 4318 6238 0.06609 2.31315
32318 0.002971 0.003571 2.9 24.8 60.6375 0.099321 3.502412507108507 77900 3328 4126 5919 0.06991 2.44685
32319 0.002914 0.003714 3.026 24.92 182.7 0.100443 3.5036090515569085 83467 3120 3935 5601 0.07374 2.5809
32320 0.002857 0.003857 3.151 25.04 178.7625 0.101566 3.5048055960053106 89034 2912 3744 5283 0.07757 2.71495
32321 0.0028 0.004 3.276 25.17 43.2 0.102688 3.506262619285399 94601 2704 3552 4965 0.0814 2.849
32322 0.002743 0.004143 3.402 25.29 155.025 0.10381 3.5082616595611826 100168 2496 3361 4646 0.08523 2.98305
32323 0.002686 0.004286 3.527 25.41 226.125 0.104933 3.510956917772393 105735 2288 3170 4328 0.08906 3.1171
32324 0.002629 0.004429 3.652 25.53 146.475 0.106055 3.5141060265790856 111302 2080 2978 4010 0.09289 3.25115
32325 0.002571 0.004571 3.778 25.66 125.4375 0.107177 3.517552875972327 116869 1872 2787 3692 0.09671 3.38485
32326 0.002514 0.004714 3.903 25.78 95.5125 0.108299 3.5212274695087724 122436 1664 2596 3374 0.10054 3.5189
32327 0.002457 0.004857 4.028 25.9 226.2375 0.109422 3.525627960582081 128003 1456 2404 3055 0.10437 3.65295
32328 0.0024 0.005 4.154 26.02 204.6375 0.110544 3.530531273262575 133570 1248 2213 2737 0.1082 3.787
32329 0.002343 0.005143 4.279 26.14 164.25 0.111666 3.536019989637762 139137 1040 2022 2419 0.11203 3.92105
32330 0.002286 0.005286 4.404 26.27 196.2 0.112789 3.542171546316316 144704 832 1830 2101 0.11586 4.0551
32331 0.002229 0.005429 4.529 26.39 55.2375 0.113911 3.548932311928058 150271 624 1639 1782 0.11969 4.18915
32332 0.002171 0.005571 4.655 26.51 82.8 0.115033 3.5565543455427524 155838 416 1448 1464 0.12351 4.32285
32333 0.002114 0.005714 4.78 26.63 297.225 0.116155 3.5648915296182495 161406 208 1256 1146 0.12734 4.4569
32334 0.002057 0.005857 4.905 26.76 62.55 0.117278 3.573936514073187 166973 0 1065 828 0.13117 4.59095
32335 0.002 0.006 5.031 26.88 74.5875 0.1184 3.5836892989075655 169611 0 874 510 0.135 4.725
32336 0.002667 0.014185 5.156 27 50.7375 0.116741 3.5943061674851235 172249 0 841 504 0.13807 4.83245
32337 0.003333 0.02237 5.234 27.12 58.275 0.115081 3.5962116031814233 174888 0 809 499 0.14115 4.94025
32338 0.004 0.030556 5.312 27.24 180.675 0.113422 3.5876241877988355 177527 0 776 493 0.14422 5.0477
32339 0.004667 0.038741 5.39 27.37 126.225 0.111763 3.5837643922414233 180166 0 744 488 0.1473 5.1555
32340 0.005333 0.046926 5.468 27.49 76.725 0.110104 3.5816783409476067 182805 0 712 482 0.15037 5.26295
32341 0.006 0.055111 5.546 27.61 68.625 0.108444 3.580752643176532 185444 0 679 477 0.15344 5.3704
32342 0.006667 0.063296 5.624 27.73 194.5125 0.106785 3.5811520404034414 188082 0 647 472 0.15652 5.4782
32343 0.007333 0.071481 5.702 27.86 79.65 0.105126 3.5828470163555006 190721 0 615 466 0.15959 5.58565
32344 0.008 0.079667 5.779 27.98 119.5875 0.103467 3.5858203592575904 193360 0 582 461 0.16267 5.69345
32345 0.008667 0.087852 5.857 28.1 163.9125 0.101807 3.5884055286947554 195999 0 550 455 0.16574 5.8009
32346 0.009333 0.096037 5.935 28 133.9875 0.100148 3.5899562105268186 198638 0 517 450 0.16881 5.90835
32347 0.01 0.104222 6.013 27.89 79.65 0.098489 3.590467014939385 201277 0 485 445 0.17189 6.01615
32348 0.010667 0.112407 6.091 27.79 42.4125 0.09683 3.5899724656912464 203915 0 453 439 0.17496 6.1236
32349 0.011333 0.120593 6.169 27.69 102.7125 0.09517 3.588468356793289 206554 0 420 434 0.17804 6.2314
32350 0.012 0.128778 6.247 27.59 205.5375 0.093511 3.585945111559243 209193 0 388 428 0.18111 6.33885
32351 0.012667 0.136963 6.325 27.48 269.4375 0.091852 3.5824117861138145 211832 0 356 423 0.18419 6.44665
32352 0.013333 0.145148 6.403 27.38 263.1375 0.090193 3.5778683804570037 214471 0 323 418 0.18726 6.5541
32353 0.014 0.153333 6.481 27.28 95.85 0.088533 3.5723148945888106 217110 0 291 412 0.19033 6.66155
32354 0.014667 0.161519 6.559 27.17 151.5375 0.086874 3.5657513285092355 219749 0 258 407 0.19341 6.76935
32355 0.015333 0.169704 6.637 27.07 269.325 0.085215 3.558174332564531 222386 0 226 401 0.19648 6.8768
32356 0.016 0.177889 6.715 26.97 268.425 0.083556 3.549575054757643 225025 0 194 396 0.19956 6.9846
32357 0.016667 0.186074 6.792 26.86 182.925 0.081896 3.539963925688081 227664 0 161 391 0.20263 7.09205
32358 0.017333 0.194259 6.87 26.76 209.5875 0.080237 3.529340945355845 230303 0 129 385 0.2057 7.1995
32359 0.018 0.202444 6.948 26.66 268.65 0.078578 3.5177061137609353 232942 0 97 380 0.20878 7.3073
32360 0.018667 0.21063 7.026 26.56 276.6375 0.076919 3.5050594309033514 235581 0 64 374 0.21185 7.41475
32361 0.019333 0.218815 7.104 26.45 173.8125 0.075259 3.491400896783093 238220 0 32 369 0.21493 7.52255
32362 0.02 0.227 7.182 26.35 78.975 0.0736 3.476730511400161 238324 0 0 364 0.218 7.63
32363 0.019706 0.239441 7.26 26.25 63.675 0.073279 3.4610482747545555 238428 0 17 356 0.21526 7.5341
32364 0.019412 0.251882 7.285 26.14 230.0625 0.072959 3.444354186846276 238532 0 34 349 0.21253 7.43855
32365 0.019118 0.264324 7.31 26.04 114.975 0.072638 3.4266482476753217 238636 0 51 341 0.20979 7.34265
32366 0.018824 0.276765 7.335 25.94 234.5625 0.072318 3.407930457241694 238740 0 68 334 0.20706 7.2471
32367 0.018529 0.289206 7.36 25.84 127.125 0.071997 3.3882008155453924 238845 0 85 326 0.20432 7.1512
32368 0.018235 0.301647 7.385 25.73 67.95 0.071676 3.3674593225864164 238948 0 102 319 0.20159 7.05565
32369 0.017941 0.314088 7.41 25.63 177.975 0.071356 3.3457059783647667 239053 0 119 311 0.19885 6.95975
32370 0.017647 0.326529 7.435 25.53 194.7375 0.071035 3.322940782880443 239157 0 136 304 0.19612 6.8642
32371 0.017353 0.338971 7.46 25.42 159.3 0.070715 3.2991612298497452 239261 0 154 296 0.19338 6.7683
32372 0.017059 0.351412 7.485 25.32 246.2625 0.070394 3.2743528338916925 239365 0 171 289 0.19065 6.67275
32373 0.016765 0.363853 7.51 25.22 223.3125 0.070074 3.2485313699450247 239469 0 188 281 0.18791 6.57685
32374 0.016471 0.376294 7.535 25.11 199.0125 0.069753 3.2216968380097417 239573 0 205 274 0.18518 6.4813
32375 0.016177 0.388735 7.56 25.01 252.225 0.069432 3.193849238085844 239678 0 222 266 0.18244 6.3854
32376 0.015882 0.401176 7.585 24.91 107.775 0.069112 3.164988570173332 239781 0 239 259 0.17971 6.28985
32377 0.015588 0.413618 7.61 24.81 122.5125 0.068791 3.135114834272204 239886 0 256 251 0.17697 6.19395
32378 0.015294 0.426059 7.635 24.7 133.425 0.068471 3.104228030382462 239990 0 273 244 0.17424 6.0984
32379 0.015 0.4385 7.661 24.6 236.25 0.06815 3.0723281585041047 240094 0 291 236 0.1715 6.0025
32380 0.014706 0.450941 7.686 24.4 162.5625 0.067829 3.039415218637133 240198 0 308 229 0.16876 5.9066
32381 0.014412 0.463382 7.711 24.2 74.475 0.067509 3.0054892107815463 240302 0 325 221 0.16603 5.81105
32382 0.014118 0.475824 7.736 24 184.95 0.067188 2.9705501349373447 240406 0 342 214 0.16329 5.71515
32383 0.013824 0.488265 7.761 23.8 211.725 0.066868 2.9345979911045283 240511 0 359 206 0.16056 5.6196
32384 0.013529 0.500706 7.786 23.6 147.0375 0.066547 2.897632779283097 240614 0 376 199 0.15782 5.5237
32385 0.013235 0.513147 7.811 23.4 128.3625 0.066226 2.8596544994730504 240719 0 393 191 0.15509 5.42815
32386 0.012941 0.525588 7.836 23.2 190.575 0.065906 2.820663151674389 240823 0 410 184 0.15235 5.33225
32387 0.012647 0.538029 7.861 23 85.275 0.065585 2.7806587358871133 240927 0 427 176 0.14962 5.2367
32388 0.012353 0.550471 7.886 22.8 58.05 0.065265 2.7396412521112223 241031 0 445 169 0.14688 5.1408
32389 0.012059 0.562912 7.911 22.6 79.7625 0.064944 2.6976107003467167 241135 0 462 161 0.14415 5.04525
32390 0.011765 0.575353 7.936 22.4 119.025 0.064624 2.6545670805935964 241239 0 479 154 0.14141 4.94935
32391 0.011471 0.587794 7.961 22.2 103.1625 0.064303 2.610510392851861 241344 0 496 146 0.13868 4.8538
32392 0.011177 0.600235 7.986 22 68.5125 0.063982 2.565440637121511 241447 0 513 139 0.13594 4.7579
32393 0.010882 0.612676 8.011 21.8 59.2875 0.063662 2.5193578134025456 241552 0 530 131 0.13321 4.66235
32394 0.010588 0.625118 8.036 21.6 151.3125 0.063341 2.4722619216949657 234832 0 547 124 0.13047 4.56645
32395 0.010294 0.637559 8.061 21.4 187.9875 0.063021 2.4241529619987707 228113 0 564 116 0.12774 4.4709
32396 0.01 0.65 8.086 21.2 56.8125 0.0627 2.375030934313961 221393 0 582 109 0.125 4.375
32397 0.009679 0.692571 8.111 21 177.75 0.062504 2.3248958386405363 214673 0 561 105 0.1317 4.6095
32398 0.009357 0.735143 7.992 20.8 63.1125 0.062307 2.273747674978497 207955 0 540 101 0.13839 4.84365
32399 0.009036 0.777714 7.872 20.6 102.9375 0.062111 2.2215864433278427 201235 0 519 97 0.14509 5.07815
32400 0.008714 0.820286 7.753 20.4 124.425 0.061914 2.1684121436885735 194515 0 498 93 0.15179 5.31265
32401 0.008393 0.862857 7.634 20.2 117.9 0.061718 2.1142247760606896 187796 0 478 89 0.15848 5.5468
32402 0.008071 0.905429 7.515 20 150.075 0.061521 2.1372896703018807 181076 0 457 85 0.16518 5.7813
32403 0.00775 0.948 7.395 19.8 77.4 0.061325 2.317739961398084 174357 0 436 81 0.17188 6.0158
32404 0.007429 0.990571 7.276 19.6 45.3375 0.061129 2.481834871431186 167638 0 415 77 0.17857 6.24995
32405 0.007107 1.033143 7.157 19.4 23.7375 0.060932 2.6191404935175426 160918 0 394 73 0.18527 6.48445
32406 0.006786 1.075714 7.037 19.2 24.6375 0.060736 2.7345689636212493 154198 0 374 70 0.19196 6.7186
32407 0.006464 1.118286 6.918 19 84.6 0.060539 2.8303402396762745 147479 0 353 66 0.19866 6.9531
32408 0.006143 1.160857 6.799 18.83 29.8125 0.060343 2.908720107500342 140760 0 332 62 0.20536 7.1876
32409 0.005821 1.203429 6.68 18.65 22.05 0.060146 2.9717140193424876 134040 0 311 58 0.21205 7.42175
32410 0.0055 1.246 6.56 18.48 109.575 0.05995 3.021454946003748 127321 0 291 54 0.21875 7.65625
32411 0.005179 1.288571 6.441 18.3 56.475 0.059754 3.0603483552684683 120601 0 270 50 0.22545 7.89075
32412 0.004857 1.331143 6.322 18.13 163.2375 0.059557 3.0900223899326194 113881 0 249 46 0.23214 8.1249
32413 0.004536 1.373714 6.202 17.96 103.3875 0.059361 3.111393114717784 107163 0 228 42 0.23884 8.3594
32414 0.004214 1.416286 6.083 17.78 158.5125 0.059164 3.1268187332245017 100443 0 207 38 0.24554 8.5939
32415 0.003893 1.458857 5.964 17.61 162.225 0.058968 3.1371409259901943 93723 0 187 35 0.25223 8.82805
32416 0.003571 1.501429 5.845 17.43 105.075 0.058771 3.143855282358402 87003 0 166 31 0.25893 9.06255
32417 0.00325 1.544 5.725 17.26 31.95 0.058575 3.1482864766500795 80284 0 145 27 0.26563 9.29705
32418 0.002929 1.586571 5.606 17.09 86.85 0.058379 3.152216032149699 73565 0 124 23 0.27232 9.5312
32419 0.002607 1.629143 5.487 16.91 36.675 0.058182 3.1528483955918687 66845 0 103 19 0.27902 9.7657
32420 0.002286 1.671714 5.367 16.74 118.0125 0.057986 3.148050423524276 60126 0 83 15 0.28571 9.99985
32421 0.001964 1.714286 5.248 16.56 189.7875 0.057789 3.141944200432622 53406 0 62 11 0.29241 10.23435
32422 0.001643 1.756857 5.129 16.39 189.45 0.057593 3.1339174738595226 46686 0 41 7 0.29911 10.46885
32423 0.001321 1.799429 5.01 16.21 48.7125 0.057396 3.1234969543545903 39968 0 20 3 0.3058 10.703
32424 0.001 1.842 4.89 16.04 196.2 0.0572 3.113694825022471 41016 0 0 0 0.3125 10.9375
32425 0.001037 1.829741 4.771 15.87 200.8125 0.058037 3.1027676190614937 42064 0 10 0 0.30757 10.76495
32426 0.001074 1.817481 4.601 15.69 133.875 0.058874 3.0902900766804113 43112 0 21 0 0.30265 10.59275
32427 0.001111 1.805222 4.432 15.52 171.3375 0.059711 3.0794775537067953 44160 0 32 0 0.29772 10.4202
32428 0.001148 1.792963 4.262 15.34 31.95 0.060548 3.0679052980845416 45208 0 43 0 0.2928 10.248
32429 0.001185 1.780704 4.092 15.17 30.9375 0.061385 3.054863318148404 46256 0 53 0 0.28787 10.07545
32430 0.001222 1.768444 3.923 15 177.75 0.062222 3.040426066751458 47304 0 64 0 0.28294 9.9029
32431 0.001259 1.756185 3.753 14.82 160.0875 0.063059 3.0245935438937037 48352 0 75 0 0.27802 9.7307
32432 0.001296 1.743926 3.583 14.65 97.875 0.063896 3.0072166709360744 49400 0 86 0 0.27309 9.55815
32433 0.001333 1.731667 3.413 14.47 160.3125 0.064733 2.988370589000932 50448 0 97 0 0.26817 9.38595
32434 0.00137 1.719407 3.244 14.3 149.625 0.06557 2.968060330240983 51496 0 107 0 0.26324 9.2134
32435 0.001407 1.707148 3.074 14.13 54.5625 0.066407 2.946242118488674 52544 0 118 0 0.25831 9.04085
32436 0.001444 1.694889 2.904 13.96 78.3 0.067244 2.9228682761686082 53592 0 129 0 0.25339 8.86865
32437 0.001482 1.68263 2.735 13.79 166.95 0.068081 2.897992613837487 54640 0 140 0 0.24846 8.6961
32438 0.001519 1.67037 2.565 13.61 133.65 0.068919 2.8716151314953096 55688 0 150 0 0.24354 8.5239
32439 0.001556 1.658111 2.395 13.44 132.075 0.069756 2.843735829142077 56736 0 161 0 0.23861 8.35135
32440 0.001593 1.645852 2.225 13.27 148.5 0.070593 2.814579635307702 57784 0 172 0 0.23369 8.17915
32441 0.00163 1.633593 2.056 13.1 177.4125 0.07143 2.8082716166671 58832 0 183 0 0.22876 8.0066
32442 0.001667 1.621333 1.886 12.93 169.425 0.072267 2.8035488004889184 59880 0 194 0 0.22383 7.83405
32443 0.001704 1.609074 1.716 12.76 163.575 0.073104 2.797398574850976 60928 0 204 0 0.21891 7.66185
32444 0.001741 1.596815 1.547 12.59 96.4125 0.073941 2.789231886635356 61976 0 215 0 0.21398 7.4893
32445 0.001778 1.584556 1.377 12.41 160.0875 0.074778 2.7789242349681422 63024 0 226 0 0.20906 7.3171
32446 0.001815 1.572296 1.207 12.24 115.9875 0.075615 2.7665009956988142 64072 0 237 0 0.20413 7.14455
32447 0.001852 1.560037 1.038 12.07 105.525 0.076452 2.7519710870889935 65120 0 247 0 0.1992 6.972
32448 0.001889 1.547778 0.868 11.9 162.1125 0.077289 2.7353437234737363 66168 0 258 0 0.19428 6.7998
32449 0.001926 1.535519 0.698 11.73 155.025 0.078126 2.716617830877227 67216 0 269 0 0.18935 6.62725
32450 0.001963 1.523259 0.528 11.56 156.6 0.078963 2.6957901510199784 68264 0 280 0 0.18443 6.45505
32451 0.002 1.511 0.359 11.39 134.1 0.0798 2.672863720334541 69312 0 291 0 0.1795 6.2825
32452 0.002 1.498929 0.189 11.21 139.8375 0.077632 2.6478385388209134 67272 0 327 0 0.17977 6.29195
32453 0.002 1.486857 0.191 11.04 151.9875 0.075464 2.6207146064790967 65234 0 363 0 0.18004 6.3014
32454 0.002 1.474786 0.194 10.87 143.775 0.073296 2.59149192330909 63195 0 400 0 0.1803 6.3105
32455 0.002 1.462714 0.196 10.7 140.9625 0.071129 2.560170489310894 61157 0 436 0 0.18057 6.31995
32456 0.002 1.450643 0.198 10.53 99.7875 0.068961 2.5267400346569495 59118 0 472 0 0.18084 6.3294
32457 0.002 1.438571 0.201 10.36 123.075 0.066793 2.491190591044136 57079 0 509 0 0.18111 6.33885
32458 0.002 1.4265 0.203 10.19 66.9375 0.064625 2.453540040058302 55041 0 545 0 0.18138 6.3483
32459 0.002 1.414429 0.205 10.01 63.3375 0.062457 2.4137883816994474 53003 0 582 0 0.18164 6.3574
32460 0.002 1.402357 0.208 9.84 24.1875 0.060289 2.371935615967573 50963 0 618 0 0.18191 6.36685
32461 0.002 1.390286 0.21 9.67 132.75 0.058121 2.3279817428626783 48925 0 654 0 0.18218 6.3763
32462 0.002 1.378214 0.212 9.5 37.125 0.055954 2.2819267623847637 46887 0 691 0 0.18245 6.38575
32463 0.002 1.366143 0.215 9.43 139.275 0.053786 2.233770674533829 44848 0 727 0 0.18271 6.39485
32464 0.002 1.354071 0.217 9.35 135.45 0.051618 2.183513479309874 42809 0 764 0 0.18298 6.4043
32465 0.002 1.342 0.219 9.28 104.2875 0.04945 2.1311551767128987 40771 0 800 0 0.18325 6.41375
32466 0.002 1.329929 0.222 9.21 20.5875 0.047282 2.0766957667429033 38732 0 836 0 0.18352 6.4232
32467 0.002 1.317857 0.224 9.13 115.875 0.045114 2.020135249399888 36694 0 873 0 0.18379 6.43265
32468 0.002 1.305786 0.226 9.06 128.5875 0.042946 1.9614736246838522 34656 0 909 0 0.18405 6.44175
32469 0.002 1.293714 0.229 8.99 135.3375 0.040779 1.9007108925947964 32616 0 946 0 0.18432 6.4512
32470 0.002 1.281643 0.231 8.91 108.9 0.038611 1.8378470531327205 30578 0 982 0 0.18459 6.46065
32471 0.002 1.269571 0.233 8.84 34.7625 0.036443 1.772882106297624 28539 0 1018 0 0.18486 6.4701
32472 0.002 1.2575 0.235 8.76 129.825 0.034275 1.7058160520895078 26501 0 1055 0 0.18513 6.47955
32473 0.002 1.245429 0.238 8.69 133.0875 0.032107 1.6366488905083716 24462 0 1091 0 0.18539 6.48865
32474 0.002 1.233357 0.24 8.62 129.375 0.029939 1.5653806215542148 22423 0 1128 0 0.18566 6.4981
32475 0.002 1.221286 0.242 8.54 79.0875 0.027771 1.492011245227038 20385 0 1164 0 0.18593 6.50755
32476 0.002 1.209214 0.245 8.47 99.1125 0.025604 1.416540761526841 18347 0 1200 0 0.1862 6.517
32477 0.002 1.197143 0.247 8.4 92.25 0.023436 1.338969170453624 16307 0 1237 0 0.18646 6.5261
32478 0.002 1.185071 0.249 8.32 127.6875 0.021268 1.2592964720073867 14269 0 1273 0 0.18673 6.53555
32479 0.002 1.173 0.252 8.25 112.95 0.0191 1.1775226661881293 12231 0 1310 0 0.187 6.545
32480 0.002882 1.164882 0.254 8.18 116.55 0.018559 1.0936433288271679 10192 0 1292 0 0.18713 6.54955
32481 0.003765 1.156765 0.386 7.74 47.1375 0.018017 1.007637005907576 8153 0 1275 0 0.18726 6.5541
32482 0.004647 1.148647 0.517 7.66 80.775 0.017476 0.9195213775038605 6115 0 1258 0 0.1874 6.559
32483 0.005529 1.140529 0.649 7.59 122.5125 0.016934 0.8292964436160215 4076 0 1241 0 0.18753 6.56355
32484 0.006412 1.132412 0.781 7.51 122.175 0.016393 0.7369622042440587 2038 0 1224 0 0.18766 6.5681
32485 0.007294 1.124294 0.912 7.44 33.525 0.015851 0.6425186593879723 0 0 1207 0 0.18779 6.57265
32486 0.008177 1.116176 1.044 7.37 106.7625 0.01531 0.5571164769766073 2 0 1190 0 0.18793 6.57755
32487 0.009059 1.108059 1.176 7.29 87.975 0.014768 0.572578169542104 5 0 1173 0 0.18806 6.5821
32488 0.009941 1.099941 1.307 7.22 121.05 0.014227 0.588076751463464 8 0 1155 0 0.18819 6.58665
32489 0.010824 1.091824 1.439 7.15 120.0375 0.013685 0.6032231031592917 10 0 1138 0 0.18832 6.5912
32490 0.011706 1.083706 1.571 7.07 120.825 0.013144 0.6178172378792719 13 0 1121 0 0.18846 6.5961
32491 0.012588 1.075588 1.702 7 75.9375 0.012602 0.6319393187639163 16 0 1104 0 0.18859 6.60065
32492 0.013471 1.067471 1.834 6.96 112.6125 0.012061 0.6456953416520549 18 0 1087 0 0.18872 6.6052
32493 0.014353 1.059353 1.965 6.92 80.55 0.011519 0.6591198446505228 21 0 1070 0 0.18885 6.60975
32494 0.015235 1.051235 2.097 6.88 121.5 0.010978 0.672232316909472 24 0 1053 0 0.18899 6.61465
32495 0.016118 1.043118 2.229 6.84 121.95 0.010436 0.6850070597231396 26 0 1036 0 0.18912 6.6192
32496 0.017 1.035 2.36 6.8 109.2375 0.009895 0.697393120248446 29 0 1019 0 0.18925 6.62375
32497 0.017882 1.026882 2.492 6.76 119.1375 0.009354 0.7094058297409636 32 0 1001 0 0.18938 6.6283
32498 0.018765 1.018765 2.624 6.71 123.3 0.008812 0.7210543993350893 34 0 984 0 0.18951 6.63285
32499 0.019647 1.010647 2.755 6.67 85.8375 0.008271 0.7323715374174156 37 0 967 0 0.18965 6.63775
32500 0.020529 1.002529 2.887 6.63 118.9125 0.007729 0.7433336112536053 40 0 950 0 0.18978 6.6423
32501 0.021412 0.994412 3.019 6.59 116.6625 0.007188 0.7539406208436584 42 0 933 0 0.18991 6.64685
32502 0.022294 0.986294 3.15 6.55 120.825 0.006646 0.764192566187575 45 0 916 0 0.19004 6.6514