date t temp ph ox ortp nh4 no silica cod bod phyto chla chlor dyno chrys crip daph eudi cyc daph_lit light ortp_krivica ortp_misca ortp_radovna q_jezernica q_krivica q_misca q_radovna q_natega diat light_m
36591 730551 4.263333333 7.813333333 8.731666667 0.009 0.03 1.36 1.933333333 1.333333333 1.533333333 1.5185915296382266 0.007805208 0.119666667 0.038333333 0.015 0.081075 0.002048333 0.133333333 4.005 0.071691667 172.5066 0.035112 0.082105579 0.005 45100.8 950.4 11318.4 25885.16129 10108.8 1.0855 91.56157277
36592 730552 4.271222379 7.813456673 8.749354086 0.00900159 0.02972665 1.358971664 1.929091372 1.334184507 1.547102372 1.605817101000932 0.007810408 0.119497503 0.03836934 0.018835824 0.080965459 0.002041952 0.133050616 3.994347819 0.07146832 174.321 0.034868362 0.081898051 0.005 45100.8 950.4 11318.4 25885.16129 10108.8 1.1127 129.07188
36593 730553 4.294344666 7.813822275 8.800745534 0.009006314 0.029435446 1.355970974 1.920021155 1.336681216 1.565094977 1.706018816544781 0.007825668 0.119003421 0.038476514 0.029769982 0.080647522 0.002023431 0.132226712 3.963430515 0.070820068 176.1354 0.03463228 0.081688389 0.005 45100.8 950.4 13737.6 25885.16129 10108.8 1.1502 216.27648
36594 730554 4.33188292 7.814423519 8.883334791 0.009014102 0.029127732 1.351124409 1.906431144 1.340738239 1.587153831 1.80867846270047 0.007850479 0.118204532 0.038653586 0.047342136 0.08013722 0.001993703 0.130897993 3.913806942 0.069779597 177.9624 0.034405434 0.081476577 0.005 45100.8 950.4 15465.6 25885.16129 10108.8 1.1972 134.6058
36595 730555 4.383019866 7.81525378 8.994615639 0.009024884 0.028804851 1.344558447 1.888629802 1.346270359 1.613121615 1.910478724724663 0.007884331 0.11712095 0.038899285 0.071091944 0.079450583 0.001953703 0.129100828 3.847035957 0.068379592 179.8146 0.034189504 0.081262598 0.005 45100.8 950.4 15465.6 25885.16129 10108.8 1.2529 191.78208
36596 730556 4.446938229 7.816306437 9.132081861 0.00903859 0.028468149 1.336399567 1.866925591 1.353192356 1.642841011 2.0113689646561856 0.007926714 0.115772787 0.039212343 0.100559068 0.078603642 0.001904364 0.12687159 3.764676415 0.066652737 181.6668 0.033986169 0.081046435 0.005 45100.8 950.4 15465.6 25885.16129 10108.8 1.3164 215.41464
36597 730557 4.522820735 7.817574867 9.293227239 0.00905515 0.028118968 1.326774246 1.841626973 1.361419011 1.676154701 2.1113966062713874 0.00797712 0.114180157 0.03959149 0.135283166 0.077612427 0.001846621 0.124246649 3.668287172 0.064631718 183.519 0.033797108 0.080828073 0.005 45100.8 950.4 15465.6 25885.16129 10108.8 1.3868 219.04344
36598 730558 4.609850108 7.819052448 9.475545554 0.009074494 0.027758652 1.315808964 1.813042411 1.370865104 1.712905367 2.226363085638201 0.008035039 0.112363171 0.040035455 0.1748039 0.076492969 0.001781406 0.121262376 3.559427083 0.062349219 185.3964 0.033624 0.080607495 0.005 45100.8 950.4 15465.6 25885.16129 10108.8 1.4633 210.90132
36599 730559 4.707209076 7.820732556 9.676530588 0.009096552 0.027388546 1.303630198 1.781480366 1.381445416 1.752935689 2.3686406008819816 0.008099961 0.110341942 0.040542969 0.218660929 0.075261297 0.001709655 0.117955142 3.439655005 0.059837925 187.2738 0.033468525 0.080384683 0.005 45100.8 950.4 15465.6 25885.16129 10108.8 1.545 96.77556
36600 730560 4.814080361 7.822608569 9.893676124 0.009121254 0.027009993 1.290364427 1.7472493 1.393074728 1.79608835 2.5103177294393215 0.008171377 0.108136584 0.041112764 0.266393913 0.073933443 0.001632301 0.114361319 3.310529792 0.057130522 189.1638 0.033332362 0.080159622 0.005 45100.8 950.4 15465.6 25885.16129 10108.8 1.6311 115.7814
36601 730561 4.929646691 7.824673864 10.12447594 0.009148531 0.026624337 1.276138129 1.710657677 1.40566782 1.842206032 2.650864767653878 0.008248777 0.105767208 0.041743568 0.317542512 0.072525437 0.001550277 0.110517276 3.173610301 0.054259694 191.0664 0.03321719 0.079932296 0.005 45100.8 950.4 15465.6 25885.16129 10108.8 1.7207 58.42368
36602 730562 5.05309079 7.826921819 10.36642383 0.009178312 0.026232923 1.261077783 1.672013959 1.419139474 1.891131417 2.7897310517942726 0.008331653 0.103253928 0.042434112 0.371646387 0.071053309 0.001464518 0.106459386 3.030455388 0.051258126 192.969 0.033124688 0.079702687 0.005 45100.8 950.4 15465.6 25885.16129 10108.8 1.8129 61.28136
36603 730563 5.183595384 7.829345811 10.61701356 0.009210528 0.025837093 1.245309866 1.631626606 1.43340447 1.942707185 2.9268193448775057 0.008419493 0.100616857 0.043183127 0.428245198 0.06953309 0.001375957 0.102224018 2.882623907 0.048158503 194.8842 0.033056536 0.079470779 0.005 37238.4 950.4 15465.6 25885.16129 10108.8 1.907 192.0996
36604 730564 5.320343197 7.831939218 10.87373892 0.009245108 0.025438193 1.228960858 1.589804083 1.448377588 1.996776019 3.0622785658870466 0.00851179 0.097876106 0.043989343 0.486878604 0.06798081 0.001285529 0.097847545 2.731674715 0.044993511 196.812 0.033014414 0.079236555 0.005 30153.6 950.4 15465.6 25885.16129 10108.8 2.0019 19.6182
36605 730565 5.462516956 7.834695416 11.1340937 0.009281983 0.025037565 1.212157237 1.54685485 1.46397361 2.053180601 3.204343642969878 0.008608034 0.095051789 0.044851491 0.547086265 0.0664125 0.001194167 0.093366337 2.579166667 0.041795833 198.7398 0.033 0.079 0.005 26179.2 950.4 13132.8 25885.16129 10108.8 2.097 65.49984
36606 730566 5.609299385 7.837607784 11.39557167 0.009321083 0.024636554 1.19502548 1.503087371 1.480107317 2.111763612 3.3749285593799745 0.008707715 0.092164018 0.0457683 0.608407842 0.06484419 0.001102804 0.088816764 2.426658619 0.038598156 200.6676 0.033024437 0.078758128 0.005021382 19267.2 950.4 13132.8 25885.16129 10108.8 2.1913 172.39068
36607 730567 5.75987321 7.840669698 11.65566661 0.009362337 0.024236503 1.177692067 1.458810107 1.496693488 2.172367734 3.539296008427373 0.008810323 0.089232907 0.046738501 0.670382995 0.06329191 0.001012376 0.084235199 2.275709427 0.035433163 202.608 0.033095599 0.07850829 0.005083649 16502.4 950.4 13132.8 25885.16129 10108.8 2.2839 39.55392
36608 730568 5.913421156 7.843874536 11.91187231 0.009405676 0.023838757 1.160283475 1.414331521 1.513646905 2.234835648 3.702629950065783 0.00891535 0.086278567 0.047760824 0.732551384 0.061771691 0.000923815 0.079658012 2.127877946 0.032333541 204.5484 0.033210265 0.078250978 0.005183982 16502.4 950.4 15465.6 25885.16129 10108.8 2.3741 160.4701685
36609 730569 6.069125949 7.847215676 12.16168255 0.00945103 0.023444659 1.142926183 1.369960075 1.530882348 2.299010037 3.8594931041144136 0.009022285 0.083321111 0.048834 0.794452668 0.060299563 0.000838056 0.075121573 1.984723032 0.029331973 206.5014 0.033365211 0.077986681 0.00531956 16502.4 950.4 15465.6 25885.16129 10108.8 2.4609 38.17044
36610 730570 6.226170313 7.850686494 12.40259111 0.009498328 0.023055554 1.12574667 1.326004231 1.548314599 2.364733582 4.00833920922322 0.00913062 0.080380653 0.049956759 0.855626509 0.058891557 0.000756033 0.070662255 1.847803541 0.026461145 208.4544 0.033557215 0.077715888 0.005487563 16502.4 950.4 15465.6 25885.16129 10108.8 2.5435 132.58728
36611 730571 6.383736975 7.854280369 12.63209178 0.009547502 0.022672784 1.108871413 1.282772451 1.565858438 2.431848965 4.168966846740544 0.009239845 0.077477305 0.051127832 0.915612565 0.057563703 0.000678678 0.066316428 1.718678328 0.023753741 210.4074 0.033783055 0.077439089 0.005685173 16502.4 950.4 15465.6 25885.16129 10108.8 2.621 139.52736
36612 730572 6.541008659 7.857990677 12.84767833 0.009598481 0.022297695 1.092426891 1.240573198 1.583428645 2.500198868 4.32400004601495 0.00934945 0.074631179 0.052345948 0.973950498 0.056332031 0.000606927 0.062120462 1.59890625 0.021242448 212.373 0.034039509 0.077156775 0.00590957 22550.4 1382.4 17884.8 25885.16129 10108.8 2.6927 128.5956
36613 730573 6.69716809 7.861810795 13.04684455 0.009651195 0.02193163 1.076539583 1.199714934 1.600940001 2.569625972 4.480576396014894 0.009458926 0.071862389 0.053609838 1.030179966 0.055212573 0.000541713 0.058110729 1.490046161 0.018959949 214.326 0.034323353 0.076869435 0.006157934 45100.8 2505.6 17884.8 25885.16129 10108.8 2.7575 272.18268
36614 730574 6.851397995 7.865734102 13.22708421 0.009705574 0.021575932 1.061335966 1.160506121 1.618307288 2.639972959 4.623807532917637 0.009567763 0.069191047 0.054918233 1.083840631 0.054221358 0.000483969 0.054323601 1.393656918 0.01693893 216.2916 0.034631365 0.076577559 0.006427445 53827.2 3283.2 20304 25885.16129 10108.8 2.8147 196.11396
36615 730575 7.002881098 7.869753974 13.38589111 0.009761549 0.021231947 1.046942519 1.123255221 1.635445286 2.711082511 4.746438743711494 0.009675453 0.066637265 0.056269862 1.134472152 0.053374417 0.000434631 0.050795447 1.311297376 0.015212075 218.2572 0.034960324 0.076281636 0.006715283 95904 2592 20304 25885.16129 10108.8 2.8635 203.91588
36616 730576 7.150800125 7.87386379 13.52075903 0.009819048 0.020901017 1.033485721 1.088270697 1.652268775 2.782797309 4.8340706793880495 0.009781485 0.064221157 0.057663456 1.18161419 0.05268778 0.000394631 0.047562639 1.244526391 0.01381207 220.2228 0.035307005 0.075982157 0.00701863 60652.8 3283.2 20304 25885.16129 10108.8 2.9029 114.35256
36617 730577 7.2943378 7.878056925 13.62918173 0.009878003 0.020584486 1.02109205 1.055861011 1.668692537 2.854960036 4.874918724406154 0.00988535 0.061962835 0.059097746 1.224806403 0.052177478 0.000364903 0.044661548 1.194902818 0.012771599 222.1884 0.035668188 0.075679611 0.007334665 50803.2 2592 17884.8 34560 22550.4 2.9321 73.75536
36618 730578 7.43267685 7.882326758 13.70865302 0.009938344 0.0202837 1.009887983 1.026334624 1.684631351 2.927413372 4.870540862129129 0.009986539 0.059882412 0.060571462 1.263588453 0.051859541 0.000346381 0.042128544 1.163985514 0.012123347 224.154 0.03604065 0.075374489 0.007660569 41990.4 1900.8 17884.8 34560 22550.4 2.9503 57.97008
36619 730579 7.565 7.886666667 13.75666667 0.01 0.02 1 1 1.7 3 4.855448993649706 0.010084542 0.058 0.062083333 1.2975 0.05175 0.00034 0.04 1.153333333 0.0119 226.1196 0.036421167 0.075067279 0.007993522 34041.6 1900.8 17884.8 34560 22550.4 2.9565 95.21064
36620 730580 7.695204744 7.892110772 13.78772206 0.010083738 0.019721572 0.990886427 0.975131715 1.715806481 3.07957478 4.850187077655564 0.01018604 0.056194734 0.064101451 1.329083536 0.054133822 0.000341094 0.038080924 1.160724708 0.011938298 228.0852 0.036806519 0.074758471 0.008330704 34041.6 1900.8 17884.8 34560 22550.4 2.9497 151.02612
36621 730581 7.82763656 7.89959359 13.81797756 0.010208326 0.019436459 0.981920583 0.949854623 1.733024494 3.172353454 4.846874887104158 0.010297431 0.054337628 0.067060242 1.361117288 0.061068578 0.000344356 0.036155424 1.182265283 0.01205247 230.0508 0.037193481 0.074448556 0.008669296 34041.6 1900.8 17884.8 34560 22550.4 2.9299 131.61204
36622 730582 7.962150147 7.908959087 13.84741542 0.010370699 0.019145793 0.973101438 0.924252603 1.75151737 3.277220028 4.844310801927249 0.010417779 0.052436615 0.070907945 1.393494521 0.0722292 0.000349755 0.034228515 1.217004736 0.01224143 232.0038 0.037578833 0.074138024 0.009006478 25574.4 1900.8 17884.8 34560 22550.4 2.8979 222.3774
36623 730583 8.098600206 7.920051229 13.87601791 0.01056779 0.018850705 0.964427959 0.898409533 1.771148438 3.393058507 4.840728183209582 0.010546147 0.050499628 0.075592798 1.426108498 0.087290622 0.00035726 0.032305215 1.263992744 0.012504094 233.9694 0.03795935 0.073827364 0.009339431 18835.2 1900.8 17884.8 34560 22550.4 2.8546 245.30688
36624 730584 8.236841437 7.932713983 13.90376727 0.010796533 0.018552326 0.955899114 0.872409292 1.79178103 3.518752898 4.821408082132062 0.010681601 0.048534601 0.081063039 1.458852482 0.105927778 0.000366839 0.030390539 1.322278985 0.012839377 235.9224 0.038331812 0.073517065 0.009665335 13046.4 1382.4 17884.8 34560 22550.4 2.801 139.41396
36625 730585 8.376728539 7.946791315 13.93064577 0.011053862 0.018251788 0.947513872 0.846335757 1.813278477 3.653187204 4.788826018996137 0.010823205 0.046549466 0.087266906 1.491619737 0.1278156 0.000378463 0.028489505 1.390913136 0.013246194 237.8754 0.038692995 0.073207618 0.00998137 8208 1382.4 15465.6 34560 22550.4 2.7378 204.48288
36626 730586 8.518116212 7.962127191 13.95663565 0.011336711 0.017950223 0.939271202 0.820272808 1.835504109 3.795245433 4.761372373835691 0.010970022 0.044552156 0.094152638 1.524303526 0.152629022 0.000392099 0.026607129 1.468944873 0.013723462 239.8158 0.039039676 0.072899513 0.010284717 13046.4 1382.4 15465.6 34560 22550.4 2.666 251.11296
36627 730587 8.660859157 7.978565578 13.98171918 0.011642012 0.017648763 0.931170072 0.794304322 1.858321257 3.94381159 4.737188458232902 0.011121117 0.042550605 0.101668472 1.556797113 0.180042978 0.000407717 0.024748427 1.555423876 0.014270094 241.7688 0.039368635 0.072593239 0.010572555 18835.2 1382.4 15465.6 34560 22550.4 2.5865 268.93944
36628 730588 8.804812072 7.995950442 14.00587861 0.011966701 0.017348538 0.923209449 0.768514177 1.881593251 4.09776968 4.711831946864086 0.011275554 0.040552746 0.109762647 1.588993761 0.2097324 0.000425286 0.022918416 1.649399819 0.014885007 243.7092 0.039676647 0.072289286 0.010842066 34041.6 1900.8 15465.6 34560 22550.4 2.5002 264.92508
36629 730589 8.949829658 8.01412575 14.02909619 0.012307711 0.017050681 0.915388303 0.742986253 1.905183423 4.256003709 4.684219091491284 0.011432398 0.038566511 0.1183834 1.620786733 0.241372222 0.000444775 0.021122112 1.749922382 0.015567116 245.637 0.039960491 0.071988144 0.01109043 41990.4 1900.8 17884.8 34560 22550.4 2.4078 274.45068
36630 730590 9.095766614 8.032935468 14.05135417 0.012661975 0.016756323 0.907705602 0.717804428 1.928955102 4.417397682 4.635965896991237 0.011590713 0.036599835 0.12747897 1.652069293 0.274637378 0.000466152 0.019364532 1.856041241 0.016315336 247.5648 0.040216945 0.071690303 0.011314827 34041.6 1382.4 15465.6 34560 22550.4 2.3103 136.32948
36631 730591 9.242477641 8.052223563 14.07263483 0.013026428 0.016466595 0.900160314 0.693052579 1.95277162 4.580835605 4.589941779428076 0.011749562 0.034660649 0.136997595 1.682734704 0.3092028 0.000489388 0.017650693 1.966806074 0.017128583 249.4926 0.040442785 0.071396252 0.011512437 34041.6 1382.4 15465.6 34560 22550.4 2.2087 240.27192
36632 730592 9.389817438 8.071834 14.0929204 0.013398004 0.01618263 0.892751407 0.668814586 1.976496308 4.745201484 4.563269009208376 0.011908011 0.032756888 0.146887513 1.712676231 0.344743422 0.000514451 0.015985611 2.081266557 0.018005771 251.4078 0.040634789 0.071106482 0.01168044 25574.4 1382.4 15465.6 34560 22550.4 2.1037 279.46296
36633 730593 9.537640706 8.091610746 14.11219315 0.013773635 0.015905558 0.88547785 0.645174326 1.999992495 4.909379323 4.533393864780619 0.012065124 0.030896483 0.157096962 1.741787135 0.380934178 0.000541309 0.014374301 2.198472369 0.018945816 253.3104 0.040789735 0.070821482 0.011816018 18835.2 1382.4 15465.6 34560 22550.4 1.9962 199.17576
36634 730594 9.685802143 8.111397768 14.13043532 0.014150256 0.015636512 0.878338611 0.622215678 2.023123513 5.072253129 4.48066503707746 0.012219964 0.029087369 0.16757418 1.769960681 0.41745 0.000569932 0.012821782 2.317473186 0.019947634 255.213 0.040904401 0.070541741 0.011916351 18835.2 1382.4 15465.6 34560 22550.4 1.8872 138.6882
36635 730595 9.83415645 8.131039033 14.14762919 0.014524801 0.015376623 0.871332658 0.60002252 2.045752692 5.232706908 4.40797508910863 0.012371596 0.027337478 0.178267406 1.797090132 0.453965822 0.00060029 0.011333069 2.437318686 0.021010139 257.103 0.040975563 0.070267751 0.011978618 29376 1382.4 15465.6 34560 22550.4 1.7775 102.7404
36636 730596 9.982558327 8.150378505 14.16375699 0.014894203 0.015127022 0.86445896 0.578678731 2.067743364 5.389624664 4.352702215091302 0.012519084 0.025654744 0.189124877 1.823068751 0.490156578 0.00063235 0.009913179 2.557058547 0.022132247 258.993 0.041 0.07 0.012 18835.2 1382.4 15465.6 34560 22550.4 1.668 185.56776
36637 730597 10.13086247 8.169260153 14.17880099 0.015255397 0.014888841 0.857716485 0.558268189 2.088958858 5.541890403 4.312668763925576 0.012661493 0.024047099 0.200094831 1.847789803 0.5256972 0.000666082 0.008567129 2.675742444 0.023312874 260.8704 0.040962212 0.06973627 0.011981106 15811.2 1382.4 15465.6 34560 22550.4 1.5595 135.2229855
36638 730598 10.27892359 8.187527942 14.19274345 0.015605315 0.014663212 0.851104202 0.538874772 2.109262506 5.688388132 4.291325079277837 0.012797886 0.022522477 0.211125507 1.87114655 0.560262622 0.000701455 0.007299934 2.792420056 0.024550934 262.7352 0.040851963 0.069474007 0.011925982 15811.2 1382.4 15465.6 34560 22550.4 1.453 222.35472
36639 730599 10.42659637 8.205025838 14.20556661 0.015940893 0.014451266 0.844621079 0.520582359 2.128517637 5.828001854 4.2982253688873575 0.012927329 0.021088811 0.222165143 1.893032255 0.593527778 0.000738438 0.006116612 2.90614106 0.025845344 264.5874 0.040673929 0.069213197 0.011836965 15811.2 1382.4 15465.6 34560 22550.4 1.3494 293.04828
36640 730600 10.57373553 8.221597809 14.21725274 0.016259062 0.014254135 0.838266083 0.503474828 2.146587584 5.959615577 4.310943146678009 0.013048884 0.019754034 0.233161976 1.913340183 0.6251676 0.000777 0.005022178 3.015955134 0.027195017 266.427 0.040432785 0.068953828 0.011716393 15811.2 1382.4 15465.6 34560 22550.4 1.2495 259.5726
36641 730601 10.72019575 8.23708782 14.22778408 0.016556759 0.014072951 0.832038184 0.487636057 2.163335676 6.082113306 4.272079496010803 0.013161618 0.018526079 0.244064246 1.931963597 0.654857022 0.000817111 0.00402165 3.120911954 0.028598871 268.254 0.040133205 0.068695886 0.011566603 18835.2 1382.4 15465.6 34560 22550.4 1.1541 96.6168
36642 730602 10.86583174 8.251339838 14.2371429 0.016830915 0.013908844 0.82593635 0.473149925 2.178625244 6.194379045 4.239930436967065 0.013264593 0.017412878 0.254820189 1.948795759 0.682270978 0.000858738 0.003120044 3.220061198 0.030055819 270.081 0.039779865 0.068439359 0.011389932 18835.2 1382.4 15465.6 34560 22550.4 1.0643 233.51328
36643 730603 11.0104982 8.264197829 14.24531144 0.017078466 0.013762947 0.819959549 0.46010031 2.192319619 6.295296801 4.246122985180838 0.013356874 0.016422366 0.265378045 1.963729934 0.7070844 0.000901851 0.002322376 3.312452543 0.031564777 271.8954 0.039377438 0.068184233 0.011188719 18835.2 1900.8 17884.8 34560 22550.4 0.98077 236.68848
36644 730604 11.15404983 8.27550576 14.25227197 0.017296344 0.013636391 0.81410675 0.448571091 2.204282132 6.38375058 4.211775890843448 0.013437525 0.015562476 0.27568605 1.976659385 0.728972222 0.000946419 0.001633663 3.397135666 0.033124661 273.6846 0.038930601 0.067930496 0.0109653 18835.2 1382.4 15465.6 34560 22550.4 0.90453 93.37356
36645 730605 11.29634133 8.285107597 14.25800674 0.017481483 0.013530308 0.80837692 0.438646145 2.214376113 6.458624386 4.194296410358137 0.013505611 0.014841139 0.285692445 1.987477376 0.747609378 0.0009924109999999999 0.001058922 3.473160246 0.034734386 275.4738 0.038444027 0.067678134 0.010722014 18835.2 1382.4 15465.6 34560 22550.4 0.83641 284.58864
36646 730606 11.4372274 8.292847306 14.26249801 0.017630818 0.013445829 0.802769029 0.430409351 2.222464893 6.518802225 4.218403553757282 0.013560195 0.014266291 0.295345465 1.996077169 0.7626708 0.001039796 0.000603168 3.539575958 0.036392867 277.2378 0.037922392 0.067427134 0.010461196 18835.2 1382.4 15465.6 34560 22550.4 0.7773 296.60904
36647 730607 11.57656273 8.298568854 14.26572803 0.017741283 0.013384086 0.797282044 0.423944588 2.228411803 6.563168104 4.243659136906021 0.013600342 0.013845862 0.30459335 2.002352029 0.773831422 0.001088543 0.000271419 3.595432481 0.038099019 278.9892 0.03737037 0.067177483 0.010185185 34041.6 1382.4 15465.6 34560 20736 0.72808 303.39036
36648 730608 11.71420203 8.302116208 14.26767905 0.01780981 0.01334621 0.791914934 0.419335734 2.232080172 6.590606027 4.256671924165172 0.013625117 0.013587788 0.313384338 2.006195218 0.780766178 0.001138622 6.87E-05 3.639779491 0.039851759 280.7406 0.036792637 0.066929167 0.009896319 29376 1900.8 13132.8 34560 20736 0.68962 280.91448
36649 730609 11.85 8.303333333 14.26833333 0.017833333 0.013333333 0.786666667 0.416666667 2.233333333 6.6 4.229699390309794 0.013633583 0.0135 0.321666667 2.0075 0.78315 0.00119 0 3.671666667 0.04165 282.4668 0.036193867 0.066682175 0.009596934 25574.4 1900.8 13132.8 34560 20736 0.66283 134.87796
36650 730610 11.98540384 8.303115156 14.26543557 0.017817047 0.013336406 0.781583694 0.415048186 2.232288542 6.594417518 4.2150675880760184 0.013615708 0.013622035 0.329828092 2.004803516 0.781731511 0.00128712 0 3.696813047 0.045049193 284.1678 0.035578735 0.066436493 0.009289368 15811.2 1900.8 15465.6 34560 20736 0.64254 322.2828
36651 730611 12.12187858 8.302475417 14.25693875 0.017769292 0.013345417 0.776705309 0.413531914 2.229225 6.578007592 4.245386454667727 0.013563293 0.013988631 0.338273874 1.996896875 0.777572213 0.001471341 0 3.721562906 0.051496945 285.8688 0.034951916 0.066192107 0.008975958 18835.2 1900.8 15465.6 34560 20736 0.62301 321.6024
36652 730612 12.25930565 8.301436302 14.24313755 0.017691724 0.013360052 0.772019745 0.412112959 2.224248958 6.551276501 4.242538051288449 0.013478156 0.014600525 0.346978506 1.984054297 0.770816358 0.001738012 0 3.745903771 0.060830411 287.5446 0.034318084 0.065949005 0.008659042 15811.2 1900.8 13132.8 34560 20736 0.60423 305.7264
36653 730613 12.39756648 8.30002 14.22432667 0.017586 0.01338 0.767515234 0.410786431 2.217466667 6.514730525 4.229759302419348 0.013362116 0.015458453 0.35591648 1.96655 0.7616082 0.002082478 0 3.769823167 0.072886744 289.2078 0.033681916 0.065707174 0.008340958 13046.4 1382.4 13132.8 34560 20736 0.58616 318.94884
36654 730614 12.53654251 8.298248698 14.20080078 0.017453776 0.013404948 0.76318001 0.409547439 2.208984375 6.468875942 4.201439952362883 0.013216991 0.016563152 0.365062292 1.944658203 0.750091992 0.002500089 0 3.793308622 0.087503099 290.8458 0.033048084 0.0654666 0.008024042 10540.8 1382.4 15465.6 34560 20736 0.56878 247.46148
36655 730615 12.67611516 8.296144583 14.17285458 0.017296708 0.013434583 0.759002305 0.408391095 2.198908333 6.414219031 4.077548566478292 0.013044597 0.017915358 0.374390434 1.918653125 0.736411988 0.002986189 0 3.816347663 0.104516629 292.4712 0.032421265 0.065227271 0.007710632 10540.8 1900.8 15465.6 34560 20736 0.55206 62.46072
36656 730616 12.81616587 8.293729844 14.14078276 0.017116453 0.013468594 0.754970352 0.407312506 2.187344792 6.351266073 3.8107837868684626 0.012846753 0.019515808 0.383875399 1.888808984 0.720712439 0.003536128 0 3.838927817 0.123764488 294.084 0.031806133 0.064989173 0.007403066 10540.8 1900.8 15465.6 34560 20736 0.53598 41.8446
36657 730617 12.95657606 8.291026667 14.10488 0.016914667 0.013506667 0.751072384 0.406306783 2.1744 6.280523347 3.748489004486779 0.012625277 0.021365239 0.393491681 1.8554 0.7031376 0.004145252 0 3.861036609 0.145083831 295.6716 0.031207363 0.064752293 0.007103681 15811.2 1900.8 13132.8 34560 20736 0.52052 286.15356
36658 730618 13.09722718 8.28805724 14.06544099 0.016693005 0.01354849 0.747296634 0.405369036 2.160180208 6.20249713 3.742113790242935 0.012381987 0.023464388 0.403213774 1.818700391 0.683831723 0.004808909 0 3.882661568 0.16831181 297.234 0.03062963 0.064516618 0.006814815 15811.2 1382.4 13132.8 34560 20736 0.50565 165.92688
36659 730619 13.23800065 8.28484375 14.02276042 0.016453125 0.01359375 0.743631334 0.404494375 2.144791667 6.117693704 3.7271663554494956 0.012118701 0.02581399 0.41301617 1.778984375 0.662939063 0.005522445 0 3.90379022 0.193285581 298.7838 0.030077608 0.064282136 0.006538804 71625.6 950.4 13132.8 34560 20736 0.49135 319.74264
36660 730620 13.3787779 8.281408385 13.97713297 0.016196682 0.013642135 0.740064717 0.403677908 2.128340625 6.026619347 3.7343512168492206 0.011837235 0.028414783 0.422873363 1.736526172 0.64060387 0.006281208 0 3.924410092 0.219842296 300.321 0.029555973 0.064048832 0.006277986 41990.4 5270.4 20304 34560 20736 0.47759 327.81672
36661 730621 13.51944037 8.277773333 13.92885333 0.015925333 0.013693333 0.736585017 0.402914746 2.110933333 5.929780338 3.720870734931967 0.011539409 0.031267502 0.432759847 1.6916 0.6169704 0.007080546 0 3.94450871 0.24781911 301.8204 0.029069399 0.063816695 0.0060347 29376 1382.4 9244.8 34560 20736 0.46435 308.87892
36662 730622 13.65986948 8.273960781 13.8782162 0.015640734 0.013747031 0.733180466 0.402199999 2.092676042 5.827682957 3.6897403884695756 0.011227041 0.034372886 0.442650115 1.644480078 0.592182905 0.007915805 0 3.964073602 0.277053177 303.3072 0.028622562 0.06358571 0.005811281 25574.4 950.4 7603.2 34560 20736 0.4516 294.54516
36663 730623 13.79994668 8.269992917 13.82551625 0.015344542 0.013802917 0.729839296 0.401528775 2.073675 5.720833483 3.6449701371138876 0.010901947 0.03773167 0.452518661 1.595440625 0.566385638 0.008782333 0 3.983092294 0.307381651 304.7688 0.028220135 0.063355865 0.005610068 22118.4 950.4 7603.2 34560 20736 0.43932 290.09988
36664 730624 13.93955339 8.265891927 13.77104818 0.015038411 0.013860677 0.726549742 0.400896186 2.054036458 5.609738195 3.5720203337943914 0.010565946 0.04134459 0.462339977 1.544755859 0.539722852 0.009675477 0 4.001552313 0.338641685 306.2178 0.027866795 0.063127147 0.005433397 15811.2 691.2 7603.2 34560 20736 0.42748 186.92856
36665 730625 14.07857104 8.26168 13.71510667 0.014724 0.01392 0.723300035 0.40029734 2.033866667 5.494903373 3.4334153145795163 0.010220855 0.045212385 0.472088558 1.4927 0.5123388 0.010590584 0 4.019441186 0.370670435 307.6416 0.027567215 0.062899543 0.005283607 41990.4 691.2 9244.8 34560 20736 0.41607 75.45636
36666 730626 14.21688106 8.257379323 13.65798641 0.014402964 0.013980573 0.720078408 0.399727347 2.013271875 5.376835295 3.328727625569985 0.009868494 0.049335789 0.481738896 1.439547266 0.484377736 0.011523001 0 4.036746439 0.403305052 309.0276 0.027326071 0.062673039 0.005163035 50803.2 950.4 12009.6 34560 20736 0.40504 256.3974
36667 730627 14.35436489 8.253012083 13.59998208 0.014076958 0.014042083 0.716873094 0.399181317 1.992358333 5.256040241 3.2729118067421923 0.009510678 0.05371554 0.491265486 1.385571875 0.455983913 0.012468077 0 4.0534556 0.436382692 310.401 0.027148037 0.062447623 0.005074018 41990.4 1382.4 14515.2 34560 20736 0.39439 186.58836
36668 730628 14.49090396 8.248600469 13.54138839 0.013747641 0.014104219 0.713672326 0.39865436 1.971232292 5.133024491 3.210780552708675 0.009149227 0.058352374 0.50064282 1.331048047 0.427301583 0.013421157 0 4.069556195 0.469740508 311.7492 0.027037788 0.062223281 0.005018894 34041.6 950.4 9244.8 34560 20736 0.38409 251.77068
36669 730629 14.6263797 8.244166667 13.4825 0.013416667 0.014166667 0.710464337 0.398141586 1.95 5.008294322 3.1741005779944564 0.008785958 0.063247028 0.509845392 1.27625 0.398475 0.01437759 0 4.085035751 0.503215655 313.0722 0.027 0.062 0.005 29376 950.4 7603.2 34560 20736 0.3741 333.78156
36670 730630 14.76067353 8.239732865 13.42361161 0.013085693 0.014229115 0.70723736 0.397638103 1.928767708 4.882356016 3.1363504683804924 0.008422689 0.068400239 0.518847695 1.221451953 0.369648417 0.015332722 0 4.099881796 0.536645286 314.37 0.027003433 0.061772346 0.005 25574.4 691.2 7603.2 34560 20736 0.36441 308.87892
36671 730631 14.89366691 8.23532125 13.36501792 0.012756375 0.01429125 0.703979627 0.397139022 1.907641667 4.75571585 3.087545884980636 0.008061238 0.073812743 0.527624223 1.166928125 0.340966088 0.016281902 0 4.114081855 0.569866555 315.6426 0.027013632 0.061535548 0.005 18835.2 691.2 7603.2 34560 20736 0.35499 291.41532
36672 730632 15.02524124 8.23095401 13.30701359 0.01243037 0.01435276 0.700679372 0.396639453 1.886728125 4.628880105 3.028819323556277 0.007703423 0.079485277 0.536149469 1.112952734 0.312572264 0.017220475 0 4.127623455 0.602716616 316.89 0.027030443 0.061290586 0.005 18835.2 691.2 7603.2 34560 20736 0.34582 316.43136
36673 730633 15.15527798 8.226653333 13.24989333 0.012109333 0.014413333 0.697324827 0.396134505 1.866133333 4.502355059 2.9583413413179174 0.007351061 0.085418577 0.544397927 1.0598 0.2846112 0.018143789 0 4.140494124 0.635032623 318.1122 0.027053714 0.061038441 0.005 18835.2 691.2 7603.2 34560 20736 0.33688 305.97588
36674 730634 15.28365854 8.222441406 13.19395182 0.011794922 0.014472656 0.693904224 0.395619287 1.845963542 4.376646992 2.8726742995916004 0.007005971 0.09161338 0.55234409 1.007744141 0.257227148 0.019047192 0 4.152681388 0.66665173 319.2966 0.027083293 0.060780094 0.005 18835.2 691.2 7603.2 34560 20736 0.32813 60.91848
36675 730635 15.41026436 8.218340417 13.13948375 0.011488792 0.014530417 0.690405798 0.395088911 1.826325 4.252262183 2.795202260354663 0.00666997 0.098070422 0.559962452 0.957059375 0.230564363 0.019926031 0 4.164172774 0.697411091 320.4684 0.027119028 0.060516527 0.005 18835.2 691.2 7603.2 34560 20736 0.31955 311.55516
36676 730636 15.53497688 8.214372552 13.0867838 0.011192599 0.014586302 0.68681778 0.394538484 1.807323958 4.129706912 2.7463291592320855 0.006344876 0.104790441 0.567227505 0.908019922 0.204767095 0.020775653 0 4.174955808 0.72714786 321.6024 0.027160765 0.06024872 0.005 66009.6 691.2 7603.2 34560 20736 0.31113 328.90536
36677 730637 15.65767752 8.21056 13.03614667 0.010908 0.01464 0.683128403 0.393963118 1.789066667 4.009487456 2.6952113611951596 0.006032507 0.111774172 0.574113744 0.8609 0.1799796 0.021591405 0 4.185018019 0.75569919 322.7112 0.027208354 0.059977654 0.005 46224 691.2 7603.2 34560 20736 0.30282 295.20288
36678 730638 15.77824771 8.206924948 12.98786703 0.010636651 0.014691198 0.679325901 0.393357921 1.771659375 3.892110097 2.637449189767146 0.005734681 0.119022353 0.580595661 0.815973828 0.15634613 0.022368635 0 4.194346931 0.782902236 323.7822 0.02726164 0.059704311 0.005 37843.2 950.4 9244.8 34560 19872 0.29462 291.61944
36679 730639 15.8965689 8.203489583 12.94223958 0.010380208 0.014739583 0.675398506 0.392718004 1.755208333 3.778081113 2.5795170239957548 0.005453216 0.12653572 0.586647751 0.773515625 0.134010938 0.02310269 0 4.202930073 0.808594152 324.8406 0.027320473 0.059429671 0.005 18835.2 691.2 7603.2 34560 19872 0.28649 269.48376
36680 730640 16.0125225 8.200276094 12.89955901 0.010140328 0.014784844 0.67133445 0.392038476 1.739819792 3.667906783 2.507827220780341 0.00518993 0.134315009 0.592244506 0.733799609 0.113118277 0.023788917 0 4.210754971 0.832612091 325.8612 0.027384699 0.059154716 0.005 18835.2 691.2 7603.2 34560 19872 0.27842 168.55776
36681 730641 16.12598995 8.197306667 12.86012 0.009918667 0.014826667 0.667121968 0.391314446 1.7256 3.562093386 2.4378675457443957 0.004946639 0.142360957 0.59736042 0.6971 0.0938124 0.024422663 0 4.217809152 0.854793208 326.844 0.027454166 0.058880426 0.005 18835.2 950.4 7603.2 34560 19872 0.27037 268.48584
36682 730642 16.23685268 8.19460349 12.82421724 0.00971688 0.01486474 0.662749291 0.390541025 1.712655208 3.461147202 2.379910792530575 0.004725163 0.150674301 0.601969987 0.663691016 0.076237561 0.024999276 0 4.224080143 0.874974656 327.8016 0.027528722 0.058607782 0.005 18835.2 950.4 7603.2 34560 19872 0.26232 202.01076
36683 730643 16.34499213 8.19218875 12.79214542 0.009536625 0.01489875 0.658204653 0.389713323 1.701091667 3.365574511 2.3248131280917548 0.00452732 0.159255778 0.606047699 0.633846875 0.060538013 0.025514103 0 4.22955547 0.892993589 328.7214 0.027608214 0.058337766 0.005 18835.2 950.4 7603.2 34560 19872 0.25425 235.44108
36684 730644 16.45028973 8.190084635 12.76419922 0.009379557 0.014928385 0.653476285 0.388826448 1.691015625 3.275881591 2.2857420832783752 0.004354926 0.168106123 0.609568051 0.607841797 0.046858008 0.02596249 0 4.23422266 0.908687161 329.616 0.02769249 0.058071359 0.005 22118.4 950.4 7603.2 34560 19872 0.24613 348.97716
36685 730645 16.5526269 8.188313333 12.74067333 0.009247333 0.014953333 0.648552422 0.387875511 1.682533333 3.192574721 2.2580666667213265 0.0042098 0.177226074 0.612505535 0.58595 0.0353418 0.026339786 0 4.238069241 0.921892527 330.4854 0.027781398 0.057809541 0.005 18835.2 950.4 7603.2 34560 19872 0.23793 352.4472
36686 730646 16.65188508 8.186897031 12.72186245 0.009141609 0.014973281 0.643421296 0.386855621 1.675751042 3.116160181 2.2294327883070864 0.00409376 0.186616368 0.614834645 0.568445703 0.026133642 0.026641338 0 4.241082738 0.93244684 331.3044 0.027874784 0.057553294 0.005 15811.2 950.4 7603.2 34560 19872 0.22965 340.13196
36687 730647 16.7479457 8.185857917 12.70806125 0.009064042 0.014987917 0.638071139 0.385761889 1.670775 3.04714425 2.1998219260039806 0.004008624 0.19627774 0.616529875 0.555603125 0.019377788 0.026862493 0 4.243250679 0.940187254 332.0982 0.027972498 0.057303598 0.005 13046.4 1382.4 7603.2 34560 19872 0.22124 326.34252
36688 730648 16.8406902 8.185218177 12.69956443 0.009016286 0.014996927 0.632490185 0.384589423 1.667711458 2.986033208 2.16986991638372 0.003956209 0.206210927 0.617565718 0.547696484 0.015218489 0.026998598 0 4.244560591 0.944950922 332.8668 0.028074386 0.057061435 0.005 13046.4 950.4 7603.2 34560 19872 0.21268 303.5718
36689 730649 16.93 8.185 12.69666667 0.009 0.015 0.626666667 0.383333333 1.666666667 2.933333333 2.1397158296007097 0.003938333 0.216416667 0.617916667 0.545 0.0138 0.027045 0 4.245 0.946575 333.585 0.028180296 0.056827786 0.005 13046.4 950.4 7603.2 34560 19872 0.20395 335.68668
36690 730650 17.01865986 8.18561843 12.70204586 0.009023054 0.014981969 0.620390722 0.381825282 1.66952093 2.88467036 2.1093243468453715 0.003955143 0.234927752 0.615475101 0.546396373 0.01395907 0.026987027 0.001833315 4.22671535 0.944545954 334.278 0.028290075 0.056603631 0.005 15811.2 1382.4 7603.2 34560 19872 0.19505 325.95696
36691 730651 17.10914426 8.187406725 12.71747795 0.009089191 0.014929972 0.613488707 0.379931596 1.677709391 2.835527657 2.0789679458260464 0.004003489 0.268672869 0.608452586 0.550452477 0.01441542 0.026819439 0.007092827 4.174079177 0.938680365 334.9332 0.028403572 0.056389952 0.005 15811.2 950.4 7603.2 34560 19872 0.18602 246.32748
36692 730652 17.20086923 8.190264389 12.74190476 0.009193878 0.014847149 0.60600318 0.377699381 1.690670554 2.786197955 2.047727426358262 0.004080247 0.315996597 0.597302398 0.556968786 0.015137755 0.02655173 0.015417881 4.090418146 0.929310558 335.5506 0.028520633 0.05618773 0.005 13046.4 950.4 7603.2 34560 19872 0.1769 104.1012
36693 730653 17.29325081 8.194090926 12.77426808 0.009332577 0.014736642 0.5979767 0.375175745 1.707842926 2.736973985 2.036253477352205 0.004182294 0.37524351 0.582477811 0.565745777 0.016094785 0.026193396 0.026447828 3.979058921 0.916768859 336.1428 0.028641107 0.055997945 0.005 13046.4 950.4 7603.2 34560 19872 0.16773 277.73928
36694 730654 17.38570502 8.198785842 12.8135097 0.009500756 0.014601593 0.589451825 0.372407796 1.728665011 2.688148478 2.054403474812134 0.004306504 0.444758186 0.564432099 0.576583926 0.017255215 0.025753931 0.039822013 3.843328167 0.901387593 336.6846 0.028764841 0.05582158 0.005 13046.4 950.4 7603.2 34560 19872 0.15856 291.95964
36695 730655 17.47764791 8.204248642 12.85857143 0.009693878 0.014445144 0.580471114 0.36944264 1.752575316 2.640014166 2.0663518808373325 0.004449754 0.522885201 0.543618538 0.589283708 0.018587755 0.025242831 0.055179786 3.686552549 0.883499084 337.1886 0.028891682 0.055659614 0.005 13046.4 950.4 7603.2 34560 19872 0.14944 172.29996
36696 730656 17.5684955 8.210378831 12.90839506 0.009907407 0.014270436 0.571077126 0.366327384 1.779012346 2.59286378 2.0785027341178943 0.00460892 0.607969133 0.520490402 0.6036456 0.020061111 0.02466959 0.072160494 3.512058732 0.863435657 337.6674 0.029021479 0.055513028 0.005 13046.4 950.4 7603.2 34560 19872 0.14041 218.36304
36697 730657 17.65766382 8.217075912 12.9619224 0.01013681 0.014080611 0.561312419 0.363109136 1.807414606 2.54699005 2.102103407714858 0.004780878 0.698354557 0.495500966 0.619470076 0.021643991 0.024043704 0.090403484 3.323173381 0.841529638 338.0958 0.029154078 0.055382805 0.005 10540.8 950.4 7603.2 34560 19872 0.13151 212.8518
36698 730658 17.7445689 8.224239393 13.01809524 0.010377551 0.01387881 0.551219552 0.359835002 1.837220603 2.502685708 2.138873012778129 0.004962503 0.792386052 0.469103504 0.636557614 0.023305102 0.023374667 0.109548105 3.12322316 0.818113351 338.4864 0.029289328 0.055269924 0.005 10540.8 950.4 7603.2 34560 19872 0.12278 269.0982
36699 730659 17.82862679 8.231768776 13.07585538 0.010625094 0.013668176 0.540841084 0.35655209 1.867868841 2.460243486 2.1915239382192784 0.005150671 0.888408192 0.441751292 0.654708688 0.025013152 0.022671975 0.129233704 2.915534734 0.793519121 338.8392 0.029427076 0.055175368 0.005 8208 950.4 7603.2 34560 19872 0.11428 318.2004
36700 730660 17.9092535 8.239563567 13.13414462 0.010874906 0.013451849 0.530219573 0.353307507 1.898797826 2.419956113 2.2511007877833085 0.005342259 0.984765556 0.413897604 0.673723774 0.026736848 0.021945122 0.149099629 2.703434769 0.768079274 339.1542 0.029567169 0.055100116 0.005 8208 950.4 7603.2 34560 19872 0.10604 309.42324
36701 730661 17.98586508 8.247523272 13.19190476 0.011122449 0.013232971 0.519397577 0.350148361 1.929446064 2.382116322 2.3085794400799164 0.005534141 1.079802719 0.385995715 0.693403349 0.028444898 0.021203604 0.168785228 2.490249928 0.742126134 339.4314 0.029709456 0.05504515 0.005 22118.4 1382.4 9244.8 34560 19872 0.098113 236.12148
36702 730662 18.05787755 8.255547394 13.2480776 0.01136319 0.013014685 0.508417656 0.347121757 1.959252061 2.347016843 2.365750368389147 0.005723195 1.171864259 0.3584989 0.713547887 0.030106009 0.020456915 0.187929849 2.279306876 0.715992027 339.6582 0.029853784 0.055011451 0.005 34041.6 1900.8 9244.8 34560 19872 0.090539 300.10176
36703 730663 18.12470695 8.263535439 13.30160494 0.011592593 0.012800131 0.497322368 0.344274803 1.987654321 2.314950408 2.433557677734959 0.005906295 1.259294752 0.331860433 0.733957866 0.031688889 0.019714551 0.20617284 2.073932279 0.690009277 339.8598 0.03 0.055 0.005 41990.4 950.4 7603.2 34560 19872 0.083363 310.42116
36704 730664 18.1857693 8.271386911 13.35142857 0.011806122 0.012592452 0.486154272 0.341654607 2.014091351 2.286209748 2.498007466320873 0.006080317 1.340438774 0.306533589 0.75443376 0.033162245 0.018986006 0.223153547 1.877452802 0.664510209 340.011 0.030177879 0.055026148 0.005 18835.2 950.4 7603.2 34560 19872 0.07663 310.53456
36705 730665 18.24048064 8.279001317 13.3964903 0.011999244 0.012394788 0.474955926 0.339308275 2.038001656 2.261087594 2.510906735177704 0.006242138 1.413640904 0.282971644 0.774776046 0.034494785 0.018280776 0.23851132 1.693195108 0.639827149 340.1118 0.030414039 0.055102041 0.005 15811.2 950.4 7603.2 34560 19872 0.070384 75.02544
36706 730666 18.28825701 8.286278159 13.43573192 0.012167423 0.012210282 0.463769888 0.337282915 2.058823741 2.239876676 2.522287973661021 0.006388634 1.477245716 0.261627871 0.794785199 0.035655215 0.017608355 0.251885506 1.524485863 0.616292421 340.1748 0.030703592 0.055223852 0.005 15811.2 1382.4 9244.8 34560 19872 0.064668 265.1292
36707 730667 18.32851443 8.293116944 13.46809524 0.012306122 0.012042075 0.452638718 0.335625634 2.075996113 2.222869727 2.5809101446257072 0.006516679 1.529597789 0.242955545 0.814261695 0.036612245 0.016978239 0.262915452 1.374651731 0.594238351 340.2 0.031041651 0.055387755 0.005 18835.2 1382.4 9244.8 34560 19872 0.059528 235.39572
36708 730668 18.36066894 8.299417175 13.49252205 0.012410809 0.01189331 0.441604975 0.334383538 2.088957276 2.210359477 2.604930453392228 0.006623151 1.569041698 0.227407941 0.83300601 0.03733458 0.016399922 0.271240507 1.247019378 0.573997263 340.1748 0.03142333 0.055589923 0.005 15811.2 950.4 7603.2 34560 19872 0.055007 116.14428
36709 730669 18.38413656 8.305078359 13.50795414 0.012476946 0.011767126 0.430711216 0.333603736 2.097145737 2.202638658 2.633037242853721 0.006704924 1.593922021 0.215438335 0.85081862 0.03779093 0.015882899 0.276500018 1.144915469 0.555901482 340.1118 0.03184374 0.055826531 0.005 15811.2 950.4 7603.2 34560 19872 0.051149 285.40512
36710 730670 18.39833333 8.31 13.51333333 0.0125 0.011666667 0.42 0.333333333 2.1 2.2 2.693294758026184 0.006758875 1.602583333 0.2075 0.8675 0.03795 0.015436667 0.278333333 1.071666667 0.540283333 340.011 0.032297994 0.05609375 0.005 15811.2 950.4 7603.2 34560 19872 0.048 234.76068
36711 730671 18.40731969 8.314572267 13.51324117 0.012496853 0.011580174 0.408951026 0.3343208 2.098373584 2.2 2.707321629910691 0.006797433 1.60155069 0.201792604 0.884169233 0.037853809 0.015024735 0.278060328 1.014539227 0.52586572 339.8598 0.032781205 0.056387755 0.005 15811.2 950.4 7603.2 34560 19872 0.045242 136.12536
36712 730672 18.41557706 8.319239921 13.51296681 0.012487577 0.011493931 0.397073992 0.337190263 2.093647409 2.2 2.699892207259885 0.006835088 1.598517831 0.196216953 0.901994022 0.03757429 0.014605348 0.277267006 0.958613913 0.511187178 339.6708 0.033288486 0.056704719 0.005 15811.2 950.4 7603.2 34560 19872 0.042532 167.01552
36713 730673 18.42315299 8.323984355 13.51251344 0.012472423 0.011408141 0.384456458 0.341802315 2.086051089 2.2 2.710917926068783 0.006871806 1.593582364 0.19077803 0.920847777 0.037125022 0.014180099 0.275991909 0.903939156 0.49630348 339.4314 0.03381495 0.057040816 0.005 13046.4 950.4 9244.8 34560 19872 0.039873 180.26064
36714 730674 18.43009501 8.328786962 13.51188424 0.01245164 0.011323006 0.371185986 0.348017549 2.075814233 2.2 2.7573236430870556 0.006907556 1.586841898 0.185480819 0.940603906 0.036519585 0.013750583 0.27427358 0.850563387 0.481270401 339.1668 0.034355709 0.057392219 0.005 10540.8 950.4 7603.2 34560 19872 0.03727 327.18168
36715 730675 18.43645065 8.333629136 13.5110824 0.012425478 0.011238728 0.357350136 0.355696557 2.063166455 2.2 2.8076325777179427 0.006942305 1.57839404 0.180330303 0.961135818 0.035771559 0.013318392 0.27215056 0.798535037 0.466143715 338.8518 0.034905875 0.057755102 0.005 10540.8 950.4 7603.2 34560 19872 0.034725 245.9646
36716 730676 18.44226745 8.338492269 13.51011112 0.012394187 0.01115551 0.343036468 0.364699933 2.048337365 2.2 2.837331498167427 0.00697602 1.568336398 0.175331466 0.982316923 0.034894524 0.01288512 0.269661391 0.747902535 0.450979195 338.499 0.035460563 0.058125638 0.005 37843.2 950.4 7603.2 34560 19872 0.032242 235.9854
36717 730677 18.44759295 8.343357756 13.50897357 0.012358017 0.011073555 0.328332542 0.374888269 2.031556576 2.2 2.869336765475204 0.007008668 1.55676658 0.17048929 1.004020629 0.03390206 0.01245236 0.266844616 0.698714314 0.435832616 338.1084 0.036014884 0.0585 0.005 18835.2 950.4 7603.2 34560 19872 0.029824 300.82752
36718 730678 18.45247468 8.348206988 13.50767294 0.012317217 0.010993066 0.313325919 0.386122159 2.013053699 2.2 2.888384052671312 0.007040217 1.543782194 0.165808761 1.026120346 0.032807747 0.012021707 0.263738776 0.651018803 0.420759752 337.68 0.03656395 0.058874362 0.005 41990.4 2505.6 14515.2 34560 19872 0.027476 209.17764
36719 730679 18.45696018 8.353021359 13.50621242 0.012272037 0.010914244 0.298104159 0.398262195 1.993058346 2.2 2.8963262407286474 0.007070633 1.529480847 0.16129486 1.048489482 0.031625165 0.011594754 0.260382413 0.604864433 0.405816376 337.2138 0.037102876 0.059244898 0.005 83635.2 3888 16156.8 34560 19872 0.025201 249.84288
36720 730680 18.46109698 8.357782261 13.5045952 0.012222727 0.010837293 0.282754824 0.41116897 1.971800128 2.2 2.916053658062483 0.007099885 1.513960148 0.156952571 1.071001445 0.030367893 0.011173093 0.256814069 0.560299635 0.391058262 336.7098 0.037626773 0.059607781 0.005 41990.4 3110.4 16156.8 34560 19872 0.023002 247.0986
36721 730681 18.46493263 8.362471089 13.50282447 0.012169537 0.010762414 0.267365472 0.424703077 1.949508658 2.2 2.910210963484317 0.007127939 1.497317704 0.152786877 1.093529646 0.029049512 0.01075832 0.253072287 0.51737284 0.376541185 336.168 0.038130754 0.059959184 0.005 25574.4 3110.4 13651.2 34560 19872 0.020883 159.03216
36722 730682 18.46851465 8.367069236 13.5009034 0.012112716 0.010689812 0.252023665 0.438725108 1.926413547 2.2 2.9025630071065853 0.007154763 1.479651123 0.148802763 1.115947493 0.027683601 0.010352026 0.249195607 0.476132479 0.362320918 335.5884 0.038609933 0.060295281 0.005 34041.6 2419.2 13651.2 34560 19872 0.018847 244.55844
36723 730683 18.47189058 8.371558093 13.4988352 0.012052515 0.010619687 0.236816964 0.453095658 1.902744407 2.2 2.9204411160268426 0.007180324 1.461058013 0.145005211 1.138128395 0.026283741 0.009955807 0.245222573 0.436626981 0.348453236 334.971 0.039059421 0.060612245 0.005 18835.2 2419.2 13651.2 34560 19872 0.016899 241.56468
36724 730684 18.47510795 8.375919055 13.49662304 0.011989183 0.010552243 0.221832927 0.467675318 1.878730849 2.2 2.945688368294134 0.007204589 1.441635983 0.141399206 1.159945761 0.02486351 0.009571255 0.241191726 0.398904779 0.334993912 334.3158 0.039474331 0.06090625 0.005 15811.2 2419.2 13651.2 34560 19872 0.01504 314.3448
36725 730685 18.47821432 8.380133515 13.49427011 0.011922969 0.010487682 0.207159117 0.482324682 1.854602485 2.2 2.941538514941268 0.007227525 1.421482639 0.137989729 1.181272999 0.02343649 0.009199963 0.237141608 0.363014301 0.32199872 333.6354 0.039849777 0.061173469 0.005 15811.2 2419.2 13651.2 34560 19872 0.013277 150.75396
36726 730686 18.4812572 8.384182865 13.49177961 0.011854125 0.010426207 0.192883093 0.496904342 1.830588927 2.2 2.9163829229379328 0.007249101 1.400695589 0.134781765 1.20198352 0.022016259 0.008843527 0.23311076 0.329003981 0.309523434 332.9172 0.04018087 0.061410077 0.005 15811.2 1814.4 11232 34560 19872 0.01161 229.34016
36727 730687 18.48428413 8.388048499 13.48915471 0.011782898 0.01036802 0.179092416 0.511274892 1.806919786 2.2 2.918644212812493 0.007269283 1.379372443 0.131780297 1.221950731 0.020616399 0.008503538 0.229137726 0.296922247 0.297623828 332.1612 0.040462724 0.061612245 0.005 15811.2 1814.4 11232 34560 19872 0.010045 222.24132
36728 730688 18.48734266 8.39171181 13.4863986 0.01170954 0.010313324 0.165874646 0.525296923 1.783824675 2.2 2.928147873073951 0.007288038 1.357610806 0.128990308 1.241048042 0.019250488 0.008181591 0.225261047 0.26681753 0.286355677 331.3674 0.040690451 0.061776148 0.005 15811.2 1814.4 11232 34560 19872 0.0085848 266.8302
36729 730689 18.49048031 8.395154191 13.48351448 0.011634299 0.010262321 0.153317343 0.53883103 1.761533205 2.2 2.943826162521757 0.007305333 1.335508288 0.126416783 1.259148861 0.017932107 0.007879279 0.221519264 0.238738263 0.275774753 330.5484 0.040859165 0.061897959 0.005 15811.2 1814.4 11232 34560 19872 0.0072328 289.94112
36730 730690 18.49374462 8.398357035 13.48050552 0.011557427 0.010215215 0.141508069 0.551737805 1.740274987 2.2 2.95574671587793 0.007321137 1.313162495 0.124064703 1.276126598 0.016674835 0.007598195 0.21795092 0.212732874 0.265936832 329.6916 0.040963977 0.061973852 0.005 15811.2 1814.4 11232 34560 19872 0.0059927 282.84228
36731 730691 18.49718314 8.401301735 13.47737492 0.011479172 0.010172207 0.130534383 0.563877841 1.720279634 2.2 2.9470750393593823 0.007335417 1.290671037 0.121939054 1.291854662 0.015492253 0.007339934 0.214594558 0.188849795 0.256897687 328.8096 0.041 0.062 0.005 15811.2 1814.4 11232 34560 19872 0.004868 224.05572
36732 730692 18.50084338 8.403969685 13.47412586 0.011399784 0.0101335 0.120483846 0.575111731 1.701776757 2.2 2.855055059413984 0.007348138 1.26813152 0.120044817 1.306206461 0.01439794 0.007106088 0.211488718 0.167137456 0.248713091 327.8898 0.040903434 0.061891797 0.005 15811.2 1814.4 11232 34560 19872 0.0038624 51.84648
36733 730693 18.5047729 8.406342277 13.47076153 0.011319513 0.010099297 0.111444019 0.585300067 1.684995968 2.2 2.5764140966706046 0.00735927 1.245641553 0.118386977 1.319055405 0.013405476 0.006898252 0.208671942 0.147644289 0.24143882 326.9322 0.040629896 0.061586676 0.005 15811.2 1814.4 11232 34560 19872 0.0029793 26.03664
36734 730694 18.50901922 8.408400904 13.46728511 0.011238609 0.0100698 0.103502461 0.594303443 1.670166879 2.2 2.5157517151182214 0.007368779 1.223298744 0.116970517 1.330274902 0.012528441 0.006718018 0.206182774 0.130418723 0.235130646 325.962 0.040203631 0.061113865 0.005 15811.2 1814.4 11232 34560 19872 0.0022223 163.4094
36735 730695 18.51362988 8.41012696 13.4636998 0.011157321 0.010045212 0.096746733 0.601982451 1.6575191 2.2 2.578930927997765 0.007376632 1.2012007 0.11580042 1.339738361 0.011780415 0.006566981 0.204059754 0.115509191 0.229844344 324.9414 0.03964888 0.060502595 0.005 15811.2 1814.4 13651.2 34560 19872 0.0015949 247.91508
36736 730696 18.51865242 8.411501838 13.46000878 0.0110759 0.010025736 0.091264396 0.608197685 1.647282245 2.2 2.6396315572701745 0.007382797 1.179445029 0.11488167 1.347319191 0.011174978 0.006446734 0.202341424 0.102964121 0.225635688 323.9082 0.038989886 0.059782095 0.005 15811.2 1814.4 11232 34560 19872 0.0011008 247.46148
36737 730697 18.52413438 8.412506931 13.45621524 0.010994596 0.010011573 0.08714301 0.612809737 1.639685924 2.2 2.681397199961662 0.007387241 1.158129339 0.114219249 1.352890802 0.01072571 0.00635887 0.201066328 0.092831946 0.222560451 322.8372 0.038250892 0.058981595 0.005 15811.2 2419.2 11232 34560 19872 0.00074347 243.96876
36738 730698 18.53012328 8.413123632 13.45232236 0.010913657 0.010002927 0.084470136 0.6156792 1.63495975 2.2 2.6897463694157873 0.007389932 1.137351238 0.113818143 1.356326602 0.010446191 0.006304983 0.200273006 0.085161095 0.220674408 321.7284 0.037456141 0.058130325 0.005 15811.2 2419.2 11232 34560 19872 0.00052646 158.5117137
36739 730699 18.53666667 8.413333333 13.44833333 0.010833333 0.01 0.083333333 0.616666667 1.633333333 2.2 2.702450501848351 0.007390836 1.117208333 0.113683333 1.3575 0.01035 0.006286667 0.2 0.08 0.220033333 320.607 0.036629875 0.057257514 0.005 15811.2 1814.4 11232 34188.3871 19872 0.00045333 277.9434
36740 730700 18.54413054 8.413151918 13.44266574 0.010747012 0.010006541 0.082998412 0.616198498 1.635030445 2.199211338 2.728397998093942 0.007383534 1.096633748 0.114246716 1.356131659 0.010489269 0.006289599 0.20170589 0.076156921 0.22013595 319.4478 0.035796338 0.056392392 0.005 13046.4 1814.4 11232 34188.3871 19872 0.00046496 283.88556
36741 730701 18.55280222 8.412619666 13.43381176 0.010648397 0.010025807 0.082672774 0.614824945 1.640009576 2.196884559 2.7300374267553975 0.007362111 1.074561287 0.115899616 1.35211365 0.010902693 0.0062982 0.206710775 0.072407861 0.220437016 318.2634 0.034979771 0.05556419 0.005 10540.8 1814.4 11232 34188.3871 19872 0.00049947 208.3158
36742 730702 18.56261123 8.411754569 13.42188648 0.010538221 0.010057264 0.082356368 0.612592437 1.648102417 2.193078475 2.7227562747329803 0.007327292 1.051089585 0.11858616 1.345576491 0.011583696 0.006312182 0.214845475 0.068752865 0.220926354 317.0538 0.034204419 0.054802136 0.005 10540.8 1814.4 11232 34188.3871 19872 0.00055635 242.24508
36743 730703 18.57348705 8.410574619 13.407005 0.010417214 0.010100377 0.082049142 0.609547405 1.659140659 2.187851896 2.7168212086475276 0.0072798 1.026317276 0.122250475 1.336650701 0.012525703 0.006331251 0.225940811 0.065191976 0.221593787 315.819 0.033494522 0.05413546 0.005 25574.4 2419.2 13651.2 34188.3871 19872 0.00063506 248.09652
36744 730704 18.58535922 8.409097808 13.38928241 0.010286105 0.010154609 0.081751045 0.605736278 1.672955993 2.181263632 2.7082116746472074 0.007220359 1.000342995 0.12683669 1.325466799 0.01372214 0.006355118 0.239827605 0.061725239 0.222429138 314.5464 0.032874325 0.053593392 0.005 37843.2 2419.2 18662.4 34188.3871 19872 0.00073507 265.2426
36745 730705 18.59815724 8.407342126 13.3688338 0.010145625 0.010219428 0.081462026 0.601205486 1.689380112 2.173372496 2.6950561027343354 0.007149694 0.973265375 0.132288931 1.312155304 0.01516643 0.006383492 0.256336675 0.058352697 0.223422231 313.2612 0.03236807 0.053205162 0.005 37843.2 2419.2 16156.8 34188.3871 19872 0.00085585 261.11484
36746 730706 18.61181061 8.405325566 13.34577426 0.009996505 0.010294296 0.081182034 0.596001461 1.708244705 2.164237297 2.6772287650621323 0.00706853 0.945183051 0.138551326 1.296846733 0.016851999 0.006416083 0.275298845 0.055074395 0.224562888 311.9508 0.032 0.053 0.005 18835.2 1814.4 16156.8 34188.3871 19872 0.0009968799999999999 268.28172
36747 730707 18.62624886 8.403066119 13.32021888 0.009839474 0.01037868 0.080911016 0.59017063 1.729381466 2.153916848 2.6545652064801506 0.006977589 0.916194658 0.145568001 1.279671607 0.018772271 0.006452598 0.296544933 0.051890378 0.225840933 310.6026 0.031712113 0.052897609 0.005 15811.2 1814.4 13651.2 34188.3871 19872 0.0011576 260.253
36748 730708 18.64140148 8.400581777 13.29228276 0.009675263 0.010472045 0.080648923 0.583759425 1.752622084 2.142469957 2.628282121744184 0.006877596 0.886398828 0.153283085 1.260760444 0.020920671 0.006492748 0.319905762 0.048800688 0.227246189 309.2418 0.031430239 0.052798192 0.005 15811.2 1814.4 13651.2 34188.3871 19872 0.0013375 264.29004
36749 730709 18.65719799 8.397890532 13.26208098 0.009504603 0.010573855 0.080395702 0.576814275 1.777798252 2.129955437 2.5979413412708814 0.006769275 0.855894197 0.161640705 1.240243762 0.023290624 0.006536242 0.345212151 0.045805371 0.228768479 307.8558 0.031154365 0.052701727 0.005 13046.4 1296 13651.2 34188.3871 19872 0.0015361 259.75404
36750 730710 18.6735679 8.395010374 13.22972864 0.009328224 0.010683575 0.080151302 0.569381611 1.804741661 2.116432099 2.5641107617309005 0.006653351 0.824779399 0.170584987 1.218252081 0.025875555 0.006582789 0.372294922 0.04290447 0.230397627 306.4446 0.03088448 0.05260819 0.005 10540.8 1296 13651.2 34188.3871 19872 0.0017528 252.882
36751 730711 18.69044072 8.391959296 13.19534083 0.009146856 0.010800671 0.079915672 0.561507862 1.833284001 2.101958753 2.528996302001474 0.006530548 0.793153067 0.18006006 1.194915919 0.028668889 0.006632099 0.400984896 0.04009803 0.232123454 305.0208 0.030620572 0.05251756 0.005 10540.8 1296 11232 34188.3871 19872 0.0019871 262.38492
36752 730712 18.70774597 8.38875529 13.15903264 0.00896123 0.010924608 0.079688761 0.553239458 1.863256966 2.08659421 2.4898773350544925 0.006401589 0.761113837 0.190010051 1.170365795 0.031664049 0.00668388 0.431112893 0.037386095 0.233935785 303.5592 0.030362629 0.052429813 0.005 10540.8 1296 11232 34188.3871 19872 0.0022385 252.90468
36753 730713 18.72541314 8.385416346 13.12091915 0.008772076 0.01105485 0.079470517 0.544622829 1.894492245 2.070397281 2.4446915458373346 0.006267199 0.728760342 0.200379086 1.144732228 0.034854462 0.006737841 0.462509733 0.034768708 0.235824442 302.085 0.030110639 0.052344927 0.005 15811.2 1296 11232 34188.3871 19872 0.0025064 218.65788
36754 730714 18.74337175 8.381960457 13.08111548 0.008580123 0.011190862 0.07926089 0.535704406 1.92682153 2.053426777 2.4032649304425546 0.006128102 0.696191216 0.211111294 1.118145736 0.038233551 0.006793693 0.495006239 0.032245915 0.237779249 300.5856 0.02986459 0.05226288 0.005 15811.2 1814.4 11232 34188.3871 19872 0.0027903 263.56428
36755 730715 18.76155131 8.378405614 13.03973669 0.008386104 0.01133211 0.079059826 0.526530617 1.960076513 2.035741509 2.358415111247528 0.005985023 0.663505094 0.222150802 1.090736839 0.041794742 0.006851144 0.52843323 0.029817758 0.239790029 299.061 0.02962447 0.052183649 0.005 13046.4 1296 11232 34188.3871 19872 0.0030896 236.52972
36756 730716 18.77988134 8.374769809 12.99689789 0.008190747 0.011478059 0.078867276 0.517147894 1.994088884 2.017400288 2.255019433189525 0.005838684 0.630800611 0.233441736 1.062636055 0.045531459 0.006909903 0.562621528 0.027484283 0.241846604 297.5238 0.029390268 0.052107211 0.005 10540.8 1296 11232 34188.3871 19872 0.0034039 36.17990809
36757 730717 18.79829133 8.371071033 12.95271417 0.007994784 0.011628173 0.078683189 0.507602666 2.028690336 1.998461924 2.1697912894023226 0.005689811 0.598176399 0.244928225 1.033973903 0.049437127 0.00696968 0.597401953 0.025245533 0.243938799 295.974 0.029161971 0.052033544 0.005 10540.8 1296 11232 34188.3871 19872 0.0037327 232.03908
36758 730718 18.81671081 8.367327278 12.90730061 0.007798944 0.011781917 0.078507511 0.497941363 2.06371256 1.978985229 2.1419832203839126 0.005539128 0.565731094 0.256554396 1.004880901 0.053505172 0.007030184 0.632605326 0.023101553 0.246056436 294.3864 0.028939567 0.051962626 0.005 8208 1296 11232 34188.3871 19872 0.0040753 242.676
36759 730719 18.83506927 8.363556536 12.86077232 0.007603959 0.011938758 0.078340194 0.488210415 2.098987246 1.959029014 2.0907720652849413 0.005387359 0.533563329 0.268264375 0.975487569 0.057729017 0.007091124 0.668062468 0.021052386 0.248189338 292.7988 0.028723045 0.051894433 0.005 8208 1296 11232 34188.3871 19872 0.0044313 112.76496
36760 730720 18.85329624 8.359776798 12.81324437 0.007410558 0.012098158 0.078181184 0.478456252 2.134346087 1.938652088 2.03212572650251 0.005235227 0.501771739 0.280002291 0.945924425 0.062102087 0.007152209 0.703604199 0.019098077 0.250327329 291.1734 0.028512393 0.051828943 0.005 8208 1296 11232 34188.3871 19872 0.0048 195.86448
36761 730721 18.87132122 8.356006055 12.76483187 0.007219471 0.012259584 0.078030431 0.468725304 2.169620774 1.917913264 1.9841995262044776 0.005083458 0.470454958 0.291712271 0.916321988 0.066617808 0.007213149 0.739061341 0.01723867 0.252460231 289.548 0.028307598 0.051766133 0.005 8208 1296 11232 34188.3871 19872 0.0051811 141.95412
36762 730722 18.88907372 8.3522623 12.7156499 0.00703143 0.012422501 0.077887884 0.459064001 2.204642997 1.896871352 1.9397359562484118 0.004932775 0.43971162 0.303338441 0.886810777 0.071269603 0.007273653 0.774264714 0.015474209 0.254577868 287.8974 0.02810865 0.051705982 0.005 6134.4 1296 11232 34188.3871 19872 0.005574 214.53012
36763 730723 18.90648326 8.348563524 12.66581356 0.006847164 0.012586374 0.077753491 0.449518773 2.239244449 1.875585163 1.8883620460065418 0.004783902 0.40964036 0.31482493 0.857521311 0.076050899 0.00733343 0.809045139 0.013804738 0.256670062 286.2342 0.027915535 0.051648466 0.005 8208 1296 11232 34188.3871 19872 0.0059781 119.5882621
36764 730724 18.92347934 8.344927719 12.61543794 0.006667404 0.012750667 0.0776272 0.440136049 2.273256821 1.854113508 1.8303348976111806 0.004637563 0.380339811 0.326115865 0.828584108 0.080955119 0.00739219 0.843233436 0.012230302 0.258726638 284.5458 0.027728242 0.051593563 0.005 8208 1296 11232 34188.3871 19872 0.0063929 139.7165209
36765 730725 18.93999147 8.341372876 12.56463812 0.00649288 0.012914845 0.077508961 0.430962261 2.306511803 1.832515198 1.7722566513787994 0.004494484 0.351908609 0.337155372 0.800129687 0.085975688 0.007449641 0.876660428 0.010750944 0.260737418 282.8448 0.027546759 0.05154125 0.005 10540.8 1296 13651.2 34188.3871 19872 0.0068179 233.42256
36766 730726 18.95594916 8.337916987 12.5135292 0.006324322 0.013078374 0.077398723 0.422043838 2.338841089 1.810849044 1.7146221736171423 0.004355387 0.324445386 0.34788758 0.772288567 0.091106032 0.007505492 0.909156933 0.009366708 0.262692225 281.1312 0.027371075 0.051491504 0.005 13046.4 1296 13651.2 34188.3871 19872 0.0072525 78.65424
36767 730727 18.97128192 8.334578043 12.46222627 0.006162462 0.013240719 0.077296433 0.413427209 2.370076368 1.789173856 1.6665397377640399 0.004220997 0.298048777 0.358256616 0.745191266 0.096339574 0.007559454 0.940553774 0.008077639 0.264580882 279.405 0.027201177 0.051444304 0.005 13046.4 1814.4 13651.2 34188.3871 19872 0.0076962 177.0174
36768 730728 18.98591927 8.331374037 12.41084443 0.006008029 0.013401345 0.077202041 0.405158805 2.400049332 1.767548446 1.6394958335431955 0.004092038 0.272817417 0.368206606 0.718968305 0.10166974 0.007611235 0.970681771 0.006883782 0.266393213 277.6536 0.027037053 0.051399626 0.005 13046.4 1296 13651.2 34188.3871 19872 0.0081485 238.34412
36769 730729 18.99979071 8.328322959 12.35949876 0.005861753 0.013559716 0.077115495 0.397285056 2.428591673 1.746031624 1.616830253348001 0.003969235 0.24884994 0.377681679 0.6937502 0.107089955 0.007660544 0.999371744 0.005785179 0.26811904 275.9022 0.026878692 0.051357448 0.005 13046.4 1296 13651.2 34188.3871 19872 0.0086089 236.50704
36770 730730 19.01282576 8.325442802 12.30830435 0.005724365 0.013715297 0.077036744 0.389852391 2.455535081 1.724682201 1.591630207151728 0.003853311 0.22624498 0.386625962 0.669667471 0.112593643 0.007707091 1.026454516 0.004781875 0.269748187 274.1256 0.026726081 0.051317748 0.005 15811.2 1296 13651.2 34560 19872 0.0090768 223.21656
36771 730731 19.02495392 8.322751556 12.25737631 0.005596595 0.013867555 0.076965736 0.382907242 2.480711249 1.703558989 1.5599048049192508 0.00374499 0.205101171 0.394983581 0.646850638 0.118174228 0.007750585 1.051760905 0.003873915 0.271270477 272.3364 0.026579209 0.051280502 0.005 18835.2 1296 13651.2 34560 19872 0.0095517 219.61044
36772 730732 19.0361047 8.320267214 12.2068297 0.005479174 0.014015953 0.076902421 0.376496037 2.503951868 1.682720797 1.5303255487293475 0.003644997 0.185517147 0.402698665 0.625430218 0.123825137 0.007790735 1.075121734 0.003061342 0.272675733 270.5346 0.026438064 0.051245688 0.005 18835.2 1296 13651.2 34560 19872 0.010033 212.78376
36773 730733 19.04620762 8.318007767 12.15677964 0.005372832 0.014159956 0.076846747 0.370665206 2.525088628 1.662226438 1.4981490686174104 0.003554056 0.167591542 0.409715341 0.60553673 0.129539793 0.007827251 1.096367822 0.0023442 0.273953778 268.7328 0.026302634 0.051213284 0.005 18835.2 1296 13651.2 34560 19872 0.01052 194.07276
36774 730734 19.05519219 8.315991207 12.10734121 0.0052783 0.01429903 0.076798663 0.36546118 2.543953222 1.642134722 1.4644042849426806 0.003472891 0.151422992 0.415977736 0.587300693 0.135311622 0.007859841 1.115329991 0.001722534 0.275094436 266.9058 0.026172906 0.051183268 0.005 15811.2 1296 13651.2 34560 19872 0.011013 161.23212
36775 730735 19.0629879 8.314235526 12.0586295 0.005196307 0.01443264 0.076758117 0.360930389 2.56037734 1.622504459 1.4263807900552712 0.003402227 0.137110129 0.421429977 0.570852627 0.141134047 0.007888215 1.131839062 0.001196388 0.276087529 265.0788 0.02604887 0.051155615 0.005 15811.2 1296 13651.2 34560 19872 0.011511 135.03672
36776 730736 19.06952429 8.312758714 12.01075961 0.005127584 0.014560251 0.076725058 0.357119262 2.574192675 1.603394461 1.3938657762362154 0.003342786 0.124751589 0.426016191 0.556323049 0.147000495 0.007912082 1.145725855 0.000765806 0.27692288 263.2392 0.025930513 0.051130305 0.005 15811.2 1296 13651.2 34560 19872 0.012013 189.67284
36777 730737 19.07473084 8.311578764 11.96384662 0.005072862 0.014681327 0.076699435 0.35407423 2.585230917 1.584863538 1.3599978404257973 0.003295294 0.114446005 0.429680507 0.543842478 0.152904389 0.007931152 1.156821191 0.000430832 0.277590313 261.3744 0.025817823 0.051107314 0.005 13046.4 1296 13651.2 34560 19872 0.012518 90.42516
36778 730738 19.07853708 8.310713667 11.91800563 0.00503287 0.014795334 0.076681196 0.351841722 2.593323757 1.566970502 1.316525044780753 0.003260475 0.106292011 0.432367051 0.533541434 0.158839155 0.007945133 1.164955892 0.00019151 0.278079651 259.5222 0.025710788 0.051086619 0.005 13046.4 1296 13651.2 34560 19872 0.013027 88.83756
36779 730739 19.08087252 8.310181415 11.87335172 0.005008339 0.014901737 0.07667029 0.350468169 2.598302888 1.549774164 1.2880073649032324 0.003239052 0.100388243 0.434019951 0.525550435 0.164798217 0.007953735 1.169960776 4.79E-05 0.278380717 257.6448 0.025609397 0.051068199 0.005 10540.8 1296 13651.2 34560 19872 0.013539 167.28768
36780 730740 19.08166667 8.31 11.83 0.005 0.015 0.076666667 0.35 2.6 1.533333333 1.2636072828456626 0.00323175 0.096833333 0.434583333 0.52 0.170775 0.007956667 1.171666667 0 0.278483333 255.7674 0.0255 0.051052031 0.005 10540.8 1296 13651.2 34560 19872 0.014053 104.46408
36781 730741 19.07833602 8.310175647 11.78735687 0.005013681 0.015096253 0.076691555 0.350341322 2.595604386 1.516585843 1.2462919495792326 0.003239396 0.094581114 0.433319875 0.515926715 0.177645162 0.00793191 1.168537955 0.000225118 0.277616855 253.8774 0.025423497 0.051038091 0.005 10540.8 1296 13651.2 34560 19872 0.014601 180.46476
36782 730742 19.06857106 8.310679552 11.74471989 0.005053199 0.015196393 0.076765022 0.351334815 2.582979205 1.498572746 1.2318407715730304 0.003261598 0.092510015 0.429681096 0.512253364 0.186153771 0.007860594 1.159562142 0.000882658 0.275120797 251.9748 0.025338964 0.051026358 0.005 10540.8 1296 13651.2 34560 19872 0.015213 126.30492
36783 730743 19.05271225 8.311477162 11.70204084 0.005116262 0.01529954 0.07688527 0.352934772 2.562966953 1.479507681 1.2210077084623014 0.003297253 0.090605572 0.423894389 0.50893976 0.196098366 0.007747149 1.145354713 0.001945903 0.271150219 250.0722 0.025260027 0.051016809 0.005 10540.8 1296 13651.2 34560 19872 0.015884 152.54568
36784 730744 19.03110005 8.312533924 11.65927152 0.005200581 0.015404814 0.0770505 0.355095487 2.536410122 1.459604289 1.2171784092866547 0.003345256 0.088853319 0.416187149 0.505945719 0.207276487 0.007596005 1.126531152 0.003388132 0.265860186 248.157 0.025186674 0.051009421 0.005 10540.8 1296 11232 34560 19872 0.016611 178.67304
36785 730745 19.00407493 8.313815283 11.61636372 0.005303864 0.015511334 0.077258917 0.357771253 2.504151206 1.439076211 1.216252111805986 0.003404503 0.087238792 0.406786768 0.503231054 0.219485675 0.007411593 1.103706943 0.005182627 0.259405759 246.2418 0.025118894 0.051004172 0.005 10540.8 1296 11232 34560 19872 0.017389 151.8426
36786 730746 18.97197735 8.315286686 11.57326922 0.005423822 0.01561822 0.077508722 0.360916361 2.4670327 1.418137086 1.2181807441921957 0.00347389 0.085747525 0.39592064 0.500755579 0.232523468 0.007198343 1.07749757 0.007302668 0.251942001 244.314 0.025056673 0.051001039 0.005 34041.6 1814.4 13651.2 34560 19872 0.018215 171.43812
36787 730747 18.93514776 8.31691358 11.52993983 0.005558164 0.015724591 0.077798117 0.364485106 2.425897096 1.397000554 1.2190608546597934 0.003552314 0.084365052 0.383816159 0.49847911 0.246187406 0.006960685 1.048518519 0.009721538 0.243623974 242.3862 0.025 0.051 0.005 34041.6 1814.4 13651.2 34560 19872 0.019084 120.34008
36788 730748 18.89392665 8.318661412 11.48632732 0.005704599 0.015829567 0.078125305 0.36843178 2.38158689 1.375880257 1.2200728459074002 0.00363867 0.083076909 0.370700718 0.496361459 0.260275028 0.00670305 1.017385272 0.012412517 0.23460674 240.4584 0.024946372 0.05113037 0.005 18835.2 1296 11232 34560 19872 0.019992 135.64908
36789 730749 18.84865446 8.320495627 11.4423835 0.005860838 0.015932267 0.078488488 0.372710675 2.334944574 1.354989834 1.2057486563369895 0.003731855 0.08186863 0.35680171 0.494362442 0.274583876 0.006429868 0.984713314 0.015348885 0.225045363 238.518 0.024893349 0.05150963 0.005 15811.2 1296 11232 34560 19872 0.020936 40.43844
36790 730750 18.79967167 8.322381672 11.39806015 0.00602459 0.016031811 0.078885869 0.377276085 2.286812642 1.334542925 1.1511817821371033 0.003830764 0.08072575 0.342346529 0.492441872 0.288911487 0.006145569 0.95111813 0.018503924 0.215094905 236.5776 0.024841017 0.05212 0.005 15811.2 1814.4 13651.2 34560 19872 0.021911 17.73576
36791 730751 18.74731873 8.324284994 11.35330907 0.006193565 0.016127318 0.07931565 0.382082303 2.238033589 1.314753171 1.1353507568746706 0.003934293 0.079633803 0.327562569 0.490559563 0.303055403 0.005854584 0.917215204 0.021850915 0.204910427 234.6372 0.02478946 0.052943704 0.005 15811.2 1814.4 13651.2 34560 19872 0.022913 100.85796
36792 730752 18.69193611 8.32617104 11.30808203 0.006365472 0.016217908 0.079776034 0.387083621 2.189449908 1.295834212 1.1367156358827613 0.004041339 0.078578325 0.312677223 0.488675331 0.316813162 0.005561343 0.883620019 0.025363139 0.194646992 232.6842 0.024738764 0.053962963 0.005 13046.4 1296 11232 34560 19872 0.023938 44.58888
36793 730753 18.63386427 8.328005255 11.26233085 0.00653802 0.0163027 0.080265223 0.392234333 2.141904093 1.277999688 1.1363859385534858 0.004150797 0.077544851 0.297917885 0.486748988 0.329982304 0.005270276 0.850948062 0.029013877 0.184459664 230.7312 0.024689014 0.05516 0.005 13046.4 1296 11232 34560 19872 0.024983 80.33256
36794 730754 18.57344368 8.329753086 11.21600729 0.00670892 0.016380814 0.080781419 0.397488731 2.096238637 1.26146324 1.1568230514680065 0.004261563 0.076518914 0.283511947 0.48474035 0.342360369 0.004985814 0.819814815 0.03277641 0.174503503 228.7782 0.024640295 0.056517037 0.005 13046.4 1296 11232 34560 19872 0.026043 102.64968
36795 730755 18.51101479 8.331379981 11.16906317 0.006875881 0.01645137 0.081322824 0.402801108 2.053296035 1.246438508 1.1791595238128132 0.004372535 0.075486049 0.269686804 0.482609231 0.353744897 0.004712388 0.790835763 0.036624018 0.164933573 226.8252 0.024592692 0.058016296 0.005 8208 1296 11232 34560 19872 0.027114 81.71604
36796 730756 18.44691808 8.332851384 11.12145026 0.007036613 0.016513486 0.081887642 0.408125757 2.01391878 1.233139131 1.160236684973692 0.004482606 0.074431792 0.256669849 0.480315444 0.363933427 0.004454427 0.76462639 0.040529984 0.155904937 224.8722 0.02454629 0.05964 0.005 8208 1296 11232 34560 19872 0.028192 11.27196
36797 730757 18.38149401 8.334132743 11.07312036 0.007188824 0.016566283 0.082474075 0.413416971 1.978949367 1.221778751 1.1042482859475302 0.004590675 0.073341677 0.244688476 0.477818804 0.372723499 0.004216362 0.741802181 0.044467587 0.147572655 222.9192 0.024501174 0.06137037 0.005 8208 1296 11232 34560 19872 0.029273 23.95008
36798 730758 18.31508303 8.335189504 11.02402526 0.007330226 0.01660888 0.083080325 0.418629042 1.949230288 1.212571008 1.065803318327339 0.004695635 0.072201239 0.233970077 0.475079126 0.379912653 0.004002623 0.72297862 0.048410109 0.140091792 220.9662 0.024457429 0.06318963 0.005 8208 1296 11232 34560 19872 0.030353 15.9894
36799 730759 18.24802562 8.335987114 10.97411675 0.007458527 0.016640397 0.083704594 0.423716265 1.925604038 1.205729542 1.0618776636356606 0.004796385 0.070996013 0.224742047 0.472056223 0.385298428 0.00381764 0.708771191 0.052330832 0.133617409 219.0006 0.024415141 0.06508 0.005 8208 1296 11232 34560 19872 0.031428 64.32048
36800 730760 18.18066223 8.33649102 10.92334662 0.007571438 0.016659952 0.084345085 0.428632931 1.908913111 1.201467992 1.092581814890647 0.004891819 0.069711532 0.217231779 0.468709909 0.388678364 0.003665845 0.699795378 0.056203035 0.128304568 217.0476 0.024374394 0.067023704 0.005 34041.6 3110.4 13651.2 34560 19872 0.032494 71.28324
36801 730761 18.11333333 8.336666667 10.87166667 0.007666667 0.016666667 0.085 0.433333333 1.9 1.2 1.087105815021068 0.004980833 0.068333333 0.211666667 0.465 0.38985 0.003551667 0.696666667 0.06 0.124308333 215.0946 0.024335274 0.069002963 0.005 83635.2 3110.4 13651.2 34560 19872 0.033547 9.14004
36802 730762 18.04054049 8.336114724 10.81758364 0.007752513 0.016656493 0.085765392 0.438010016 1.895404127 1.200156389 1.1009923977383624 0.005067431 0.06686638 0.207224325 0.460576006 0.389452487 0.003458285 0.696694789 0.063822711 0.12103997 213.1416 0.024297865 0.071 0.005 55641.6 1814.4 11232 34560 19872 0.034583 109.74852
36803 730763 17.95688286 8.334492863 10.75979181 0.00783873 0.016626597 0.086736499 0.442879059 1.891094752 1.200620617 1.1594832674538642 0.005156248 0.065328511 0.202927876 0.45514889 0.38828441 0.003365959 0.696780065 0.067788445 0.117808568 211.2012 0.024262253 0.072997037 0.005 34041.6 1814.4 11232 34560 19872 0.035603 130.13784
36804 730764 17.86284727 8.33185203 10.69852422 0.007925207 0.016577918 0.087910307 0.447930063 1.88705913 1.201385278 1.215755634637527 0.005247132 0.063724567 0.198772975 0.448770649 0.386382463 0.003274741 0.696923854 0.071894925 0.114615924 209.2482 0.024228523 0.074976296 0.005 25574.4 1814.4 11232 34560 19872 0.03661 111.33612
36805 730765 17.75892055 8.328243176 10.63401392 0.008011833 0.016511395 0.089283797 0.453152626 1.883284515 1.202442965 1.2704693622819816 0.00533993 0.062059391 0.194755275 0.441493274 0.38378334 0.003184681 0.697127519 0.076139874 0.111463834 207.3078 0.02419676 0.07692 0.005 22118.4 1814.4 11232 34560 19872 0.037603 134.28828
36806 730766 17.64558955 8.323717247 10.56649397 0.008098498 0.016427968 0.090853954 0.458536348 1.87975816 1.203786271 1.3216866702094412 0.005434488 0.060337826 0.190870433 0.433368761 0.380523733 0.003095831 0.697392421 0.080521012 0.108354095 205.3674 0.02416705 0.07881037 0.005 34041.6 1814.4 13651.2 34560 19872 0.038587 109.83924
36807 730767 17.5233411 8.318325194 10.49619741 0.008185092 0.016328575 0.09261776 0.464070829 1.87646732 1.205407788 1.356629215059851 0.005530655 0.058564714 0.187114102 0.424449102 0.376640336 0.003008243 0.69771992 0.085036063 0.105288503 203.4396 0.024139476 0.08062963 0.005 34041.6 2419.2 13651.2 34560 19872 0.039561 80.46864
36808 730768 17.39266203 8.312117964 10.4233573 0.008271505 0.016214156 0.0945722 0.469745666 1.873399247 1.207300111 1.3608360530185726 0.005628278 0.056744897 0.183481936 0.414786293 0.372169844 0.002921967 0.69811138 0.08968275 0.102268855 201.5118 0.024114124 0.08236 0.005 34041.6 1814.4 11232 34560 19872 0.040529 33.15816
36809 730769 17.25403918 8.305146506 10.34820668 0.008357627 0.01608565 0.096714256 0.47555046 1.870541197 1.209455832 1.3527377616418277 0.005727203 0.054883218 0.17996959 0.404432327 0.367148948 0.002837056 0.69856816 0.094458793 0.099296947 199.584 0.02409108 0.083983704 0.005 34041.6 1814.4 11232 34560 19872 0.041491 60.8958
36810 730770 17.10795938 8.297461769 10.27097861 0.008443346 0.015943996 0.099040913 0.48147481 1.867880423 1.211867543 1.362778020589662 0.005827278 0.05298452 0.176572719 0.393439198 0.361614344 0.002753559 0.699091621 0.099361916 0.096374576 197.6688 0.024070428 0.085482963 0.005 46224 2419.2 13651.2 34560 19872 0.042451 61.4628
36811 730771 16.95490947 8.289114701 10.19190614 0.008528553 0.015790133 0.101549153 0.487508314 1.865404179 1.214527839 1.3954601552336954 0.00592835 0.051053644 0.173286977 0.3818589 0.355602724 0.00267153 0.699683127 0.10438984 0.093503538 195.7536 0.024052253 0.08684 0.005 46224 3110.4 16156.8 34560 19872 0.043409 120.34008
36812 730772 16.79537629 8.28015625 10.11122231 0.008613137 0.015625 0.10423596 0.493640573 1.863099719 1.217429312 1.4244599604678558 0.006030267 0.049095433 0.170108019 0.369743427 0.349150781 0.002591018 0.700344037 0.109540289 0.09068563 193.851 0.024036642 0.088037037 0.005 41990.4 2419.2 13651.2 34560 19872 0.044367 64.50192
36813 730773 16.62984666 8.270637365 10.02916017 0.008696989 0.015449537 0.107098318 0.499861186 1.860954297 1.220564556 1.454497682436715 0.006132874 0.04711473 0.167031498 0.357144772 0.34229521 0.002512076 0.701075713 0.114810984 0.087922647 191.9484 0.024023678 0.089056296 0.005 34041.6 2419.2 13651.2 34560 19872 0.045328 125.94204
36814 730774 16.45880743 8.260608995 9.945952783 0.008779998 0.015264682 0.11013321 0.506159751 1.858955166 1.223926162 1.4956207039623752 0.006236021 0.045116377 0.164053071 0.344114931 0.335072704 0.002434754 0.701879516 0.120199647 0.085216387 190.0584 0.024013446 0.08988 0.005 34041.6 2419.2 13651.2 34560 19872 0.046293 117.86796
36815 730775 16.28274543 8.250122089 9.861833191 0.008862053 0.015071375 0.113337619 0.512525868 1.85708958 1.227506726 1.5342270251328134 0.006339553 0.043105216 0.16116839 0.330705896 0.327519957 0.002359104 0.702756809 0.125704001 0.082568647 188.1684 0.024006033 0.09049037 0.005 25574.4 1814.4 13651.2 34560 19872 0.047264 116.03088
36816 730776 16.1021475 8.239227594 9.777034446 0.008943044 0.014870555 0.116708528 0.518949137 1.855344794 1.231298838 1.540787369735964 0.006443319 0.041086091 0.158373111 0.316969662 0.319673661 0.002285178 0.703708951 0.131321769 0.079981222 186.3036 0.024001522 0.09086963 0.005 18835.2 1814.4 13651.2 34560 19872 0.048242 36.26532
36817 730777 15.91750046 8.227976459 9.691789598 0.009022862 0.014663161 0.120242922 0.525419156 1.853708062 1.235295094 1.5448286747247348 0.006547164 0.039063842 0.155662888 0.302958222 0.311570511 0.002213026 0.704737304 0.137050671 0.077455909 184.4388 0.024 0.091 0.005 18835.2 1814.4 13651.2 34560 19872 0.049231 108.8176749
36818 730778 15.72929116 8.216419633 9.606331697 0.009101395 0.014450131 0.123937784 0.531925524 1.852166636 1.239488085 1.5749009420748208 0.006650937 0.037043313 0.153033376 0.288723571 0.3032472 0.0021427 0.705843231 0.142888432 0.074994504 182.574 0.024045439 0.090996413 0.005020448 18835.2 1814.4 11232 34560 19872 0.05023 105.18984
36819 730779 15.53800643 8.204608064 9.520893794 0.009178534 0.014232407 0.127790097 0.538457842 1.850707772 1.243870405 1.568742176747946 0.006754485 0.035029347 0.150480228 0.274317703 0.294740421 0.002074252 0.707028091 0.148832772 0.072598804 180.7344 0.024178326 0.090985711 0.005080247 18835.2 1814.4 11232 34560 19872 0.051243 29.484
36820 730780 15.34413311 8.192592701 9.435708938 0.009254168 0.014010925 0.131796845 0.545005708 1.849318723 1.248434646 1.55329985852504 0.006857655 0.033026785 0.147999101 0.259792611 0.286086868 0.002007732 0.708293246 0.154881414 0.070270606 178.8948 0.024393519 0.090967978 0.005177083 18835.2 1814.4 11232 34560 19872 0.052272 75.8646
36821 730781 15.14815803 8.180424493 9.351010181 0.009328186 0.013786627 0.13595501 0.551558721 1.847986742 1.253173403 1.5407015289048043 0.006960293 0.03104047 0.145585647 0.24520029 0.277323234 0.001943192 0.709640059 0.161032081 0.068011706 177.0804 0.024685871 0.090943301 0.005308642 18835.2 1814.4 11232 34560 19872 0.053317 27.17064
36822 730782 14.95056802 8.168154387 9.267030571 0.009400479 0.01356045 0.140261577 0.558106482 1.846699085 1.258079267 1.5198561292697548 0.007062248 0.029075244 0.143235522 0.230592733 0.268486214 0.001880683 0.711069889 0.167282495 0.0658239 175.266 0.02505024 0.090911766 0.005472608 18835.2 1814.4 11232 34560 19872 0.05438 59.46696
36823 730783 14.75184993 8.155833333 9.18400316 0.009470937 0.013333333 0.144713529 0.564638588 1.845443004 1.263144832 1.4828847146261699 0.007163366 0.02713595 0.14094438 0.216021935 0.2596125 0.001820257 0.712584098 0.173630377 0.063708986 173.4642 0.025481481 0.090873457 0.005666667 18835.2 1814.4 11232 34560 19872 0.055465 10.38744
36824 730784 14.55249058 8.143512279 9.102160998 0.009539448 0.013106217 0.149307849 0.571144639 1.844205753 1.268362692 1.4070272612981423 0.007263495 0.025227431 0.138707875 0.201539889 0.250738786 0.001761965 0.714184049 0.180073451 0.061668758 171.675 0.025974451 0.090828461 0.005888503 15811.2 1814.4 11232 34560 19872 0.056572 14.8554
36825 730785 14.35297682 8.131242174 9.021737134 0.009605904 0.01288004 0.154041521 0.577614235 1.842974587 1.273725439 1.3853410730844793 0.007362482 0.023354528 0.136521663 0.187198589 0.241901766 0.001705858 0.715871101 0.186609439 0.059705014 169.8984 0.026524005 0.090776863 0.006135802 13046.4 1814.4 11232 34560 19872 0.057703 50.50836
36826 730786 14.15379547 8.119073965 8.94296462 0.009670192 0.012655741 0.158911528 0.584036975 1.841736759 1.279225665 1.3741825782699577 0.007460174 0.021522085 0.134381397 0.173050029 0.233138132 0.001651987 0.717646616 0.193236062 0.057819551 168.1344 0.027125 0.09071875 0.00640625 13046.4 1814.4 11232 34560 19872 0.058861 24.53976
36827 730787 13.95543337 8.107058603 8.866076505 0.009732204 0.01243426 0.163914854 0.590402457 1.840479524 1.284855966 1.3585188466312235 0.007556418 0.019734943 0.132282732 0.159146204 0.224484579 0.001600405 0.719511956 0.199951043 0.056014165 166.3956 0.027772291 0.090654207 0.006697531 13046.4 1814.4 11232 34560 19872 0.060046 40.05288
36828 730788 13.75837737 8.095247034 8.791305839 0.009791828 0.012216535 0.169048482 0.596700282 1.839190135 1.290608932 1.3644379707793843 0.007651061 0.017997945 0.130221322 0.145539107 0.2159778 0.001551161 0.721468482 0.206752105 0.054290652 164.6568 0.028460734 0.090583319 0.00700733 13046.4 1814.4 11232 34560 19872 0.061261 56.67732
36829 730789 13.56311428 8.083690208 8.718885674 0.009848955 0.012003506 0.174309395 0.602920048 1.837855846 1.296477158 1.388380063422712 0.007743951 0.016315934 0.128192823 0.132280731 0.207654489 0.001504309 0.723517555 0.213636969 0.052650808 162.9432 0.029185185 0.090506173 0.007333333 34041.6 1814.4 11232 34560 19872 0.062508 75.5244
36830 730790 13.37013096 8.072439073 8.649049058 0.009903475 0.011796112 0.179694578 0.609051355 1.83646391 1.302453236 1.4137892049109804 0.007834935 0.014693751 0.126192888 0.119423072 0.199551339 0.001459898 0.725660537 0.220603359 0.051096431 161.2422 0.029940501 0.090422854 0.007673225 55641.6 2419.2 13651.2 34560 19872 0.063788 61.28136
36831 730791 13.17991422 8.061544578 8.582029043 0.009955276 0.011595292 0.185201013 0.615083802 1.835001583 1.30852976 1.4227082592749285 0.007923859 0.01313624 0.124217172 0.107018123 0.191705043 0.00141798 0.727898789 0.227648995 0.049629317 159.5538 0.030721536 0.090333448 0.008024691 83635.2 3110.4 16156.8 8160 19872 0.065104 36.855
36832 730792 12.99295092 8.051057671 8.518058678 0.010004249 0.011401985 0.190825683 0.621006988 1.833456117 1.314699323 1.4266744683019894 0.008010572 0.011648243 0.12226133 0.095117878 0.184152296 0.001378607 0.730233672 0.234771601 0.048251262 157.878 0.031523148 0.09023804 0.008385417 55641.6 3888 16156.8 8160 19872 0.066456 54.56808
36833 730793 12.80972788 8.041029301 8.457371014 0.010050283 0.01121713 0.196565573 0.626810513 1.831814767 1.320954517 1.4114931666813824 0.008094921 0.010234601 0.120321016 0.083774331 0.17692979 0.00134183 0.732666548 0.241968899 0.046964063 156.2274 0.032340192 0.090136717 0.008753086 55641.6 4838.4 16156.8 8160 19872 0.067848 11.52144
36834 730794 12.63073194 8.031510417 8.400199102 0.010093268 0.011041667 0.202417666 0.632483975 1.830064786 1.327287937 1.4093721579796927 0.008176752 0.008900159 0.118391884 0.073039476 0.170074219 0.0013077 0.735198777 0.24923861 0.045769515 154.5894 0.033167524 0.090029564 0.009125386 134784 5788.8 18662.4 8160 19872 0.06928 73.73268
36835 730795 12.45644993 8.022551966 8.34677599 0.010133094 0.010876534 0.208378945 0.638016974 1.828193429 1.333692174 1.4304071007227077 0.008255912 0.007649757 0.116469589 0.062965306 0.163622276 0.001276269 0.737831722 0.256578458 0.044669417 152.9766 0.034 0.089916667 0.0095 83635.2 3888 16156.8 8160 19872 0.070755 46.24452
36836 730796 12.2873687 8.014204898 8.29733473 0.010169651 0.010722671 0.214446394 0.64339911 1.826187949 1.340159821 1.4168273468970707 0.00833225 0.006488239 0.114549786 0.053603816 0.157610656 0.001247588 0.740566744 0.263986165 0.043665563 151.3764 0.034832476 0.089798111 0.009874614 66009.6 4838.4 16156.8 8160 19872 0.072275 15.55848
36837 730797 12.12397506 8.00652016 8.252108372 0.010202827 0.010581017 0.220616996 0.648619981 1.8240356 1.346683473 1.3839079564546712 0.008405612 0.005420447 0.112628129 0.045007 0.152076052 0.001221707 0.743405203 0.271459452 0.042759752 149.7888 0.035659808 0.089673983 0.010246914 368928 10540.8 29980.8 8160 19872 0.07384 19.30068
36838 730798 11.96675587 7.999548702 8.211329966 0.010232514 0.010452511 0.226887734 0.653669186 1.821723636 1.353255722 1.346973342929899 0.008475845 0.004451223 0.110700272 0.037226852 0.147055156 0.001198679 0.746348461 0.278996043 0.041953778 148.2264 0.036476852 0.089544367 0.010614583 166752 5788.8 36201.6 8160 19872 0.075454 11.72556
36839 730799 11.81619795 7.993341473 8.175232562 0.0102586 0.010338092 0.233255592 0.658536326 1.819239312 1.359869161 1.3114953612956557 0.008542797 0.00358541 0.10876187 0.030315365 0.142584664 0.001178555 0.74939788 0.286593658 0.041249439 146.6892 0.037278464 0.089409351 0.010975309 112320 3888 29980.8 8160 19872 0.077118 15.309
36840 730800 11.67278815 7.987949419 8.144049211 0.010280976 0.010238699 0.239717554 0.663210998 1.81656988 1.366516383 1.2850040582412943 0.008606315 0.00282785 0.106808578 0.024324534 0.138701267 0.001161387 0.752554821 0.294250022 0.040648531 145.1646 0.038059499 0.089269019 0.011326775 75513.6 3888 24105.6 8160 19872 0.078834 17.84916
36841 730801 11.53701328 7.983423491 8.118012962 0.01029953 0.010155272 0.246270602 0.667682804 1.813702595 1.373189982 1.2566621601198606 0.008666246 0.002183386 0.10483605 0.019306352 0.13544166 0.001147224 0.755820645 0.301962855 0.04015285 143.6652 0.038814815 0.089123457 0.011666667 53827.2 3110.4 18662.4 8160 19872 0.080603 11.65752
36842 730802 11.4093602 7.979814637 8.097356867 0.010314154 0.010088749 0.252911721 0.67194134 1.81062471 1.37988255 1.2494181789006182 0.008722436 0.001656859 0.10283994 0.015312814 0.132842537 0.00113612 0.759196714 0.309729881 0.039764194 142.1784 0.039539266 0.088972751 0.01199267 43804.8 2419.2 13651.2 8160 19872 0.082428 35.87976
36843 730803 11.29031574 7.977173804 8.082313974 0.010324736 0.01004007 0.259637893 0.675976208 1.807323481 1.38658668 1.2571256960157626 0.008774734 0.001253114 0.100815903 0.012395913 0.13094059 0.001128125 0.762684388 0.317548821 0.039484358 140.7294 0.040227709 0.088816987 0.012302469 43804.8 2419.2 13651.2 8160 19872 0.08431 33.27156
36844 730804 11.18036673 7.975551942 8.073117335 0.010331166 0.010010174 0.266446103 0.679777006 1.803786159 1.393294966 1.256853761848881 0.008822987 0.000976991 0.098759594 0.010607644 0.129772513 0.00112329 0.76628503 0.325417398 0.039315139 139.2804 0.040875 0.08865625 0.01259375 87264 3110.4 18662.4 8160 19872 0.086251 22.31712
36845 730805 11.08 7.975 8.07 0.010333333 0.01 0.273333333 0.683333333 1.8 1.4 1.2416106383633743 0.008867042 0.000833333 0.096666667 0.01 0.129375 0.001121667 0.77 0.333333333 0.039258333 137.8692 0.041475995 0.088490626 0.012864198 112320 4838.4 24105.6 8160 19872 0.088253 9.57096
36846 730806 10.98481128 7.975 8.078114484 0.010333333 0.01 0.281119828 0.686813276 1.795271815 1.407185735 1.2443767529469687 0.008907395 0.00075861 0.094532941 0.010028774 0.129811149 0.001125088 0.791534828 0.341524055 0.039378079 136.4832 0.042025549 0.088320202 0.013111497 149472 5788.8 29980.8 8160 19872 0.090396 51.34752
36847 730807 10.89028519 7.975 8.101431368 0.010333333 0.01 0.290509452 0.69037155 1.789040852 1.415278069 1.2773043889698592 0.008944848 0.000686195 0.092364974 0.010113317 0.13105984 0.001134854 0.845996097 0.35018767 0.039719897 135.1098 0.042518519 0.088145062 0.013333333 112320 4838.4 24105.6 8160 19872 0.092757 76.47696
36848 730808 10.79674195 7.975 8.138410796 0.010333333 0.01 0.301324623 0.693977696 1.781493017 1.424182515 1.309675574453218 0.008979709 0.000616286 0.090174527 0.010250965 0.133031436 0.001150219 0.929486748 0.359277923 0.040257663 133.7742 0.04294976 0.087965292 0.013527392 124416 3888 29980.8 8160 19872 0.095333 48.05892
36849 730809 10.70450174 7.975 8.187512914 0.010333333 0.01 0.313387756 0.697601257 1.772814218 1.433804588 1.3416479675205335 0.009012283 0.00054908 0.08797336 0.010439051 0.135636304 0.001170436 1.038109723 0.368748559 0.040965249 132.4512 0.043314129 0.087780979 0.013691358 87264 3888 26956.8 8160 19872 0.098122 81.12636
36850 730810 10.61388476 7.975 8.247197869 0.010333333 0.01 0.326521268 0.701211776 1.763190362 1.4440498 1.3792304682135132 0.009042877 0.000484775 0.085773234 0.010674909 0.138784809 0.001194758 1.167967963 0.37855332 0.041816529 131.1534 0.043606481 0.087592207 0.013822917 34300.8 3888 29980.8 8160 19872 0.10112 66.63384
36851 730811 10.52521123 7.975 8.315925806 0.010333333 0.01 0.340547576 0.704778795 1.752807356 1.454823666 1.4163307811594024 0.009071795 0.00042357 0.083585909 0.010955873 0.142387314 0.001222439 1.315164409 0.388645953 0.042785378 129.8934 0.043821674 0.087399063 0.013919753 292032 10540.8 63936 8160 19872 0.10432 81.85212
36852 730812 10.43880135 7.975 8.392156871 0.010333333 0.01 0.355289094 0.708271857 1.741851107 1.466031698 1.4501554844129771 0.009099345 0.000365662 0.081423146 0.011279276 0.146354185 0.001252733 1.475802003 0.3989802 0.043845669 128.646 0.043954561 0.087201632 0.013979552 176256 5788.8 24105.6 8160 19872 0.10773 61.0092
36853 730813 10.3549753 7.975 8.474351209 0.010333333 0.01 0.37056824 0.711660503 1.730507521 1.477579411 1.4647616513413346 0.009125833 0.000311249 0.079296705 0.011642454 0.150595787 0.001284894 1.645983687 0.409509806 0.044971275 127.4364 0.044 0.087 0.014 112320 4838.4 13651.2 8160 19872 0.11134 26.39952
36854 730814 10.2740533 7.975 8.560968966 0.010333333 0.01 0.38620743 0.714914277 1.718962507 1.489372317 1.4612132587458284 0.009151565 0.000260529 0.077218348 0.012042739 0.155022484 0.001318173 1.821812401 0.420188515 0.046136071 126.2394 0.043893004 0.086720222 0.013919753 75513.6 3888 13651.2 8160 19872 0.11515 29.12112
36855 730815 10.19635554 7.975 8.650470289 0.010333333 0.01 0.402029081 0.71800272 1.707401971 1.501315931 1.4423522134883184 0.009176846 0.000213701 0.075199834 0.012477467 0.159544642 0.001351827 1.999391087 0.430970071 0.047313929 125.0802 0.043588477 0.086300869 0.013691358 87264 3888 13651.2 8160 19872 0.11915 10.571904
36856 730816 10.12220223 7.975 8.741315322 0.010333333 0.01 0.417855608 0.720895375 1.696011821 1.513315765 1.4167033146811054 0.009201983 0.000170961 0.073252924 0.01294397 0.164072626 0.001385106 2.174822686 0.441808219 0.048478725 123.9462 0.043111111 0.085760802 0.013333333 81302.4 3110.4 13651.2 8160 19872 0.12335 18.32544
36857 730817 10.05191357 7.975 8.831964212 0.010333333 0.01 0.433509427 0.723561784 1.684977962 1.525277333 1.4140012449442676 0.009227282 0.000132509 0.071389379 0.013439583 0.1685168 0.001417267 2.344210141 0.452656703 0.049604331 122.84118 0.042485597 0.085118884 0.012864198 64368 3110.4 13651.2 8160 19872 0.12774 34.29216
36858 730818 9.985809762 7.975 8.920877104 0.010333333 0.01 0.448812956 0.72597149 1.674486303 1.537106149 1.3957496072232058 0.009253049 9.85E-05 0.069620959 0.013961639 0.172787529 0.001447561 2.503656391 0.463469266 0.050664622 121.76388 0.041736626 0.084393976 0.012302469 53827.2 3110.4 11232 8160 19872 0.13231 1.88244
36859 730819 9.924211002 7.975 9.006514144 0.010333333 0.01 0.46358861 0.728094036 1.664722751 1.548707726 1.3447133363901629 0.009279591 6.93E-05 0.067959425 0.014507474 0.177 0.001475242 2.649264379 0.474199654 0.051633471 120.71682 0.040888889 0.083604938 0.011666667 43804.8 3110.4 11232 8160 19872 0.13707 3.99168
36860 730820 9.867437493 7.975 9.087335478 0.010333333 0.01 0.477658806 0.729898963 1.655873212 1.559987577 1.352290105037394 0.009307213 4.49E-05 0.066416538 0.01507442 0.18 0.001499564 2.777137047 0.48480161 0.052484751 119.7 0.039967078 0.082770633 0.010975309 34300.8 3110.4 11232 8160 19872 0.14201 69.9678
36861 730821 9.815809437 7.975 9.161801252 0.010333333 0.01 0.49084596 0.731355813 1.648123594 1.570851217 1.3863108367954988 0.009336221 2.55E-05 0.065004058 0.015659811 0.184 0.001519781 2.883377334 0.495228878 0.053192337 118.70586 0.038995885 0.081909922 0.010246914 26784 3110.4 11232 28892.90323 14515.2 0.14713 51.66504
36862 730822 9.769647035 7.975 9.22837161 0.010333333 0.01 0.502972489 0.73243413 1.641659803 1.581204158 1.4107334236030327 0.009366922 1.15E-05 0.063733746 0.016260983 0.186 0.001535146 2.964088183 0.505435203 0.053730103 117.72558 0.038 0.081041667 0.0095 20563.2 3110.4 11232 28892.90323 14515.2 0.15243 45.99504
36863 730823 9.729270489 7.975 9.2855067 0.010333333 0.01 0.513860808 0.733103456 1.636667747 1.590951915 1.4276865848067288 0.009399621 2.9E-06 0.062617362 0.016875267 0.188 0.001544912 3.015372536 0.515374329 0.054071921 116.75916 0.037004115 0.080184728 0.008753086 20563.2 2419.2 11232 28892.90323 14515.2 0.1579 29.64276