date ortp no3 silica temp light chla phyto micro osci sce syn clad daph
32509 0.023177 0.978176 3.282 6.51 32.5125 0.006105 0.20736889586891127 48 0 899 0 0.19018 6.6563
32510 0.024059 0.970059 3.414 6.47 127.35 0.005563 0.2069445011870363 50 0 882 0 0.19031 6.66085
32511 0.024941 0.961941 3.545 6.43 120.825 0.005022 0.2065200482513558 53 0 864 0 0.19044 6.6654
32512 0.025824 0.953824 3.677 6.39 128.3625 0.00448 0.20609559531567534 56 0 847 0 0.19057 6.66995
32513 0.026706 0.945706 3.809 6.35 129.2625 0.003939 0.20563958372190366 58 0 830 0 0.19071 6.67485
32514 0.027588 0.937588 3.94 6.31 124.3125 0.003397 0.2051716821241853 61 0 813 0 0.19084 6.6794
32515 0.028471 0.929471 4.072 6.27 73.0125 0.002856 0.20469893797547986 64 0 796 0 0.19097 6.68395
32516 0.029353 0.921353 4.203 6.23 13.95 0.002314 0.20422135127578733 66 0 779 0 0.1911 6.6885
32517 0.030235 0.913235 4.335 6.19 27.3375 0.001773 0.2037389220251077 69 0 762 0 0.19124 6.6934
32518 0.031118 0.905118 4.467 6.14 47.7 0.001231 0.20325165022344102 72 0 745 0 0.19137 6.69795
32519 0.032 0.897 4.598 6.1 107.8875 0.00069 0.20275953587078724 69 0 728 0 0.1915 6.7025
32520 0.030889 0.905407 4.73 6.06 19.9125 0.001306 0.20226257896714636 66 0 706 0 0.18587 6.50545
32521 0.029778 0.913815 4.78 6.02 46.35 0.001921 0.2017607795125184 64 0 684 0 0.18024 6.3084
32522 0.028667 0.922222 4.829 5.98 33.525 0.002537 0.20125413750690335 61 0 663 0 0.17461 6.11135
32523 0.027556 0.93063 4.879 5.94 128.1375 0.003152 0.20074265295030122 58 0 641 0 0.16898 5.9143
32524 0.026444 0.939037 4.928 5.9 89.55 0.003768 0.20022632584271202 56 0 620 0 0.16335 5.71725
32525 0.025333 0.947444 4.978 5.99 95.4 0.004383 0.1997051561841357 53 0 598 0 0.15772 5.5202
32526 0.024222 0.955852 5.027 6.09 59.9625 0.004999 0.19917914397457231 50 0 577 0 0.15209 5.32315
32527 0.023111 0.964259 5.077 6.18 17.8875 0.005614 0.19864828921402186 48 0 555 0 0.14646 5.1261
32528 0.022 0.972667 5.126 6.27 134.55 0.00623 0.19821491049768541 45 0 534 0 0.14083 4.92905
32529 0.020889 0.981074 5.176 6.37 137.7 0.006846 0.19793758860433353 42 0 512 0 0.1352 4.732
32530 0.019778 0.989481 5.225 6.46 20.25 0.007461 0.1977222855840082 40 0 490 0 0.12957 4.53495
32531 0.018667 0.997889 5.275 6.55 148.3875 0.008077 0.1975690014367094 37 0 469 0 0.12394 4.3379
32532 0.017556 1.006296 5.324 6.65 134.6625 0.008692 0.19747773616243716 34 0 447 0 0.11831 4.14085
32533 0.016444 1.014704 5.374 6.74 53.6625 0.009308 0.19744848976119142 32 0 426 0 0.11269 3.94415
32534 0.015333 1.023111 5.423 6.84 101.475 0.009923 0.1975197824081386 29 0 404 0 0.10706 3.7471
32535 0.014222 1.031519 5.473 6.93 153.5625 0.010539 0.197699603496487 26 0 383 0 0.10143 3.55005
32536 0.013111 1.039926 5.522 7.02 154.125 0.011154 0.19796259286770843 24 0 361 0 0.0958 3.353
32537 0.012 1.048333 5.572 7.12 155.8125 0.01177 0.19830875052180286 21 0 340 0 0.09017 3.15595
32538 0.010889 1.056741 5.621 7.21 136.2375 0.012386 0.19873807645877034 18 0 318 0 0.08454 2.9589
32539 0.009778 1.065148 5.671 7.3 34.2 0.013001 0.19925057067861085 16 0 296 0 0.07891 2.76185
32540 0.008667 1.073556 5.72 7.4 127.8 0.013617 0.19986254482098065 13 0 275 0 0.07328 2.5648
32541 0.007556 1.081963 5.77 7.49 164.3625 0.014232 0.20057296269588787 10 0 253 0 0.06765 2.36775
32542 0.006444 1.09037 5.819 7.58 159.8625 0.014848 0.2013742453380093 8 0 232 0 0.06202 2.1707
32543 0.005333 1.098778 5.869 7.68 162.225 0.015463 0.20226639274734493 5 0 210 0 0.05639 1.97365
32544 0.004222 1.107185 5.918 7.77 148.05 0.016079 0.20324940492389476 2 0 189 0 0.05076 1.7766
32545 0.003111 1.115593 5.968 7.86 166.05 0.016694 0.20432328186765877 0 0 167 0 0.04513 1.57955
32546 0.002 1.124 6.018 7.96 54.3375 0.01731 0.2055038260461286 0 0 146 0 0.0395 1.3825
32547 0.002 1.117774 6.067 8.05 51.075 0.017206 0.20678672883811733 0 0 141 1 0.03878 1.3573
32548 0.002 1.111548 6.082 8.15 23.85 0.017102 0.20816701452240194 0 0 136 2 0.03807 1.33245
32549 0.002 1.105323 6.097 8.24 180.7875 0.016998 0.20964468309898243 0 0 131 3 0.03735 1.30725
32550 0.002 1.099097 6.112 8.33 165.15 0.016895 0.2112197345678588 0 0 126 4 0.03663 1.28205
32551 0.002 1.092871 6.127 8.43 145.2375 0.016791 0.2128921689290311 0 0 121 6 0.03592 1.2572
32552 0.002 1.086645 6.143 8.52 180.1125 0.016687 0.21471290033351192 0 0 116 7 0.0352 1.232
32553 0.002 1.080419 6.158 8.61 171 0.016583 0.2166787070150761 0 0 111 8 0.03448 1.2068
32554 0.002 1.074194 6.173 8.71 64.4625 0.016479 0.21876671685891555 0 0 107 9 0.03377 1.18195
32555 0.002 1.067968 6.188 8.8 20.1375 0.016375 0.22095876940756784 0 0 102 10 0.03305 1.15675
32556 0.002 1.061742 6.203 8.98 40.725 0.016271 0.22329280591157566 0 0 97 12 0.03233 1.13155
32557 0.002 1.055516 6.218 9.16 188.775 0.016167 0.22596825867158288 0 0 92 13 0.03162 1.1067
32558 0.002 1.04929 6.233 9.35 69.525 0.016064 0.22884543347915398 0 0 87 14 0.0309 1.0815
32559 0.002 1.043065 6.248 9.53 108.225 0.01596 0.23192433033428903 0 0 82 15 0.03018 1.0563
32560 0.002 1.036839 6.263 9.71 87.525 0.015856 0.23520494923698795 0 0 77 16 0.02947 1.03145
32561 0.002 1.030613 6.278 9.89 162.9 0.015752 0.23872056308305825 0 0 73 18 0.02875 1.00625
32562 0.002 1.024387 6.294 10.07 32.0625 0.015648 0.24248191515414433 0 0 68 19 0.02803 0.98105
32563 0.002 1.018161 6.309 10.25 26.775 0.015544 0.2464680790912538 0 0 63 20 0.02732 0.9562
32564 0.002 1.011935 6.324 10.44 125.2125 0.01544 0.2506790548943867 0 0 58 21 0.0266 0.931
32565 0.002 1.00571 6.339 10.62 190.575 0.015336 0.25511484256354294 0 0 53 22 0.02588 0.9058
32566 0.002 0.999484 6.354 10.8 62.1 0.015233 0.2600384164515705 0 0 48 24 0.02517 0.88095
32567 0.002 0.993258 6.369 10.98 50.175 0.015129 0.2652845984223164 0 0 43 25 0.02445 0.85575
32568 0.002 0.987032 6.384 11.16 38.3625 0.015025 0.2708511459209857 0 0 38 26 0.02373 0.83055
32569 0.002 0.980806 6.399 11.35 208.8 0.014921 0.27673805894757836 0 0 34 27 0.02302 0.8057
32570 0.002 0.974581 6.414 11.53 120.825 0.014817 0.28292365679831444 0 0 29 28 0.0223 0.7805
32571 0.002 0.968355 6.429 11.71 97.65 0.014713 0.2893846883707685 0 0 24 30 0.02158 0.7553
32572 0.002 0.962129 6.444 11.89 32.7375 0.014609 0.29614529400421685 0 0 19 31 0.02087 0.73045
32573 0.002 0.955903 6.46 12.07 149.625 0.014505 0.3032054736986597 0 0 14 32 0.02015 0.70525
32574 0.002 0.949677 6.475 12.25 37.6875 0.014402 0.3105652274540969 0 0 9 33 0.01943 0.68005
32575 0.002 0.943452 6.49 12.44 85.05 0.014298 0.31854110740567965 0 0 4 34 0.01872 0.6552
32576 0.002 0.937226 6.505 12.62 222.525 0.014194 0.3270579848571158 0 0 0 36 0.018 0.63
32577 0.002 0.931 6.52 12.8 226.575 0.01409 0.3359578236772201 0 0 12 34 0.02003 0.70105
32578 0.002242 0.940242 6.535 12.98 202.725 0.013966 0.3452494333655228 0 0 25 33 0.02206 0.7721
32579 0.002485 0.949485 6.539 13.16 195.6375 0.013842 0.3549250612490442 0 0 38 32 0.02409 0.84315
32580 0.002727 0.958727 6.543 13.35 133.65 0.013718 0.36499443268470144 0 0 51 31 0.02612 0.9142
32581 0.00297 0.96797 6.547 13.53 199.2375 0.013594 0.37545754767249445 0 0 64 30 0.02815 0.98525
32582 0.003212 0.977212 6.551 13.71 227.1375 0.01347 0.3863027947624952 0 0 77 29 0.03018 1.0563
32583 0.003455 0.986455 6.554 13.89 135.675 0.013346 0.397529169772087 0 0 89 28 0.03221 1.12735
32584 0.003697 0.995697 6.558 14.07 241.65 0.013222 0.40914402374371645 0 0 102 27 0.03424 1.1984
32585 0.003939 1.004939 6.562 14.25 225.45 0.013098 0.42114735667738346 0 0 115 26 0.03626 1.2691
32586 0.004182 1.014182 6.566 14.44 245.8125 0.012975 0.43353916857308816 0 0 128 25 0.03829 1.34015
32587 0.004424 1.023424 6.57 14.62 226.575 0.012851 0.44631945943083046 0 0 141 24 0.04032 1.4112
32588 0.004667 1.032667 6.574 14.8 117.9 0.012727 0.45948822925061034 0 0 154 23 0.04235 1.48225
32589 0.004909 1.041909 6.578 14.94 167.2875 0.012603 0.47303073550305824 0 0 167 22 0.04438 1.5533
32590 0.005152 1.051152 6.582 15.08 40.3875 0.012479 0.48694504772723135 0 0 179 21 0.04641 1.62435
32591 0.005394 1.060394 6.585 15.22 218.7 0.012355 0.5012430241705306 0 0 192 20 0.04844 1.6954
32592 0.005636 1.069636 6.589 15.36 232.2 0.012231 0.5159246648329558 0 0 205 19 0.05047 1.76645
32593 0.005879 1.078879 6.593 15.5 88.875 0.012107 0.5309899697145073 0 0 218 18 0.0525 1.8375
32594 0.006121 1.088121 6.597 15.64 45.3375 0.011983 0.5464389388151849 0 0 231 16 0.05453 1.90855
32595 0.006364 1.097364 6.601 15.78 232.2 0.011859 0.5622715721349885 0 0 244 15 0.05656 1.9796
32596 0.006606 1.106606 6.605 15.91 257.2875 0.011735 0.5784878696739183 0 0 257 14 0.05859 2.05065
32597 0.006849 1.115848 6.609 16.05 69.1875 0.011611 0.5950878314319741 0 0 269 13 0.06062 2.1217
32598 0.007091 1.125091 6.613 16.19 247.05 0.011487 0.6120714574091561 0 0 282 12 0.06265 2.19275
32599 0.007333 1.134333 6.617 16.33 267.525 0.011363 0.6294387476054641 0 0 295 11 0.06468 2.2638
32600 0.007576 1.143576 6.62 16.47 70.875 0.011239 0.6496725132403433 0 0 308 10 0.06671 2.33485
32601 0.007818 1.152818 6.624 16.61 253.9125 0.011115 0.6750033067243244 0 0 321 9 0.06874 2.4059
32602 0.008061 1.162061 6.628 16.75 90.675 0.010992 0.7017919151794879 0 0 334 8 0.07076 2.4766
32603 0.008303 1.171303 6.632 16.89 251.55 0.010868 0.7294718181952031 0 0 347 7 0.07279 2.54765
32604 0.008546 1.180545 6.636 17.03 219.4875 0.010744 0.7580890382517564 0 0 359 6 0.07482 2.6187
32605 0.008788 1.189788 6.64 17.17 89.325 0.01062 0.7876175839581134 0 0 372 5 0.07685 2.68975
32606 0.00903 1.19903 6.644 17.31 232.875 0.010496 0.8180274774155905 0 0 385 4 0.07888 2.7608
32607 0.009273 1.208273 6.648 17.45 95.625 0.010372 0.8493441141636862 0 0 398 3 0.08091 2.83185
32608 0.009515 1.217515 6.651 17.59 103.3875 0.010248 0.8815704647353115 0 0 411 2 0.08294 2.9029
32609 0.009758 1.226758 6.655 17.73 120.4875 0.010124 0.9147065101361227 0 0 424 1 0.08497 2.97395
32610 0.01 1.236 6.659 17.86 174.6 0.01 0.9487510778115774 0 0 437 0 0.087 3.045
32611 0.009679 1.21 6.663 18 238.6125 0.011861 0.9837041677616755 0 0 504 46 0.08395 2.93825
32612 0.009357 1.184 6.482 18.14 156.375 0.013721 1.020067295367599 0 0 572 93 0.08089 2.83115
32613 0.009036 1.158 6.302 18.28 158.4 0.015582 1.0591022634308243 0 0 639 140 0.07784 2.7244
32614 0.008714 1.132 6.121 18.42 292.8375 0.017443 1.0999975709944687 0 0 707 187 0.07479 2.61765
32615 0.008393 1.106 5.941 18.56 267.525 0.019304 1.1421524072802638 0 0 775 233 0.07173 2.51055
32616 0.008071 1.08 5.76 18.7 268.875 0.021164 1.185585878828277 0 0 842 280 0.06868 2.4038
32617 0.00775 1.054 5.579 18.76 256.725 0.023025 1.2298696031002014 0 0 910 327 0.06562 2.2967
32618 0.007429 1.028 5.399 18.83 279 0.024886 1.2750281154469016 0 0 977 374 0.06257 2.18995
32619 0.007107 1.002 5.218 18.89 167.625 0.026746 1.3208108777038359 0 0 1045 421 0.05952 2.0832
32620 0.006786 0.976 5.038 18.96 61.65 0.028607 1.367184542880734 0 0 1113 467 0.05646 1.9761
32621 0.006464 0.95 4.857 19.02 75.15 0.030468 1.413960495565342 0 0 1180 514 0.05341 1.86935
32622 0.006143 0.924 4.676 19.09 214.0875 0.032329 1.4611829440349915 0 0 1248 561 0.05036 1.7626
32623 0.005821 0.898 4.496 19.15 186.3 0.034189 1.5087882229318412 0 0 1315 608 0.0473 1.6555
32624 0.0055 0.872 4.315 19.22 264.15 0.03605 1.55678367447448 0 0 1383 655 0.04425 1.54875
32625 0.005179 0.846 4.135 19.28 287.8875 0.037911 1.6051554893572386 0 0 1451 701 0.0412 1.442
32626 0.004857 0.82 3.954 19.35 279.675 0.039771 1.65389984722584 0 0 1518 748 0.03814 1.3349
32627 0.004536 0.794 3.773 19.41 297.7875 0.041632 1.7029983264770248 0 0 1586 795 0.03509 1.22815
32628 0.004214 0.768 3.593 19.48 112.05 0.043493 1.752437592659698 0 0 1653 842 0.03204 1.1214
32629 0.003893 0.742 3.412 19.54 285.1875 0.045354 1.8022103150522242 0 0 1721 888 0.02898 1.0143
32630 0.003571 0.716 3.232 19.61 118.0125 0.047214 1.852301346834177 0 0 1789 935 0.02593 0.90755
32631 0.00325 0.69 3.051 19.67 263.1375 0.049075 1.9026968983281463 0 0 1856 982 0.02287 0.80045
32632 0.002929 0.664 2.87 19.74 228.2625 0.050936 1.953383812129218 0 0 1924 1029 0.01982 0.6937
32633 0.002607 0.638 2.69 19.8 105.525 0.052796 2.004348930832478 0 0 1991 1076 0.01677 0.58695
32634 0.002286 0.612 2.509 19.86 37.125 0.054657 2.055579097033012 0 0 2059 1122 0.01371 0.47985
32635 0.001964 0.586 2.328 19.93 208.35 0.056518 2.1070611533259065 0 0 2127 1169 0.01066 0.3731
32636 0.001643 0.56 2.148 19.99 176.4 0.058379 2.158781942306246 0 0 2194 1216 0.00761 0.26635
32637 0.001321 0.534 1.967 20.06 260.8875 0.060239 2.210730929998754 0 0 2262 1263 0.00455 0.15925
32638 0.001 0.508 1.787 20.12 35.8875 0.0621 2.262893285356407 0 0 2330 1310 0.0015 0.0525
32639 0.001029 0.493088 1.606 20.19 33.8625 0.063415 2.3152556436984946 0 0 2407 1406 0.00159 0.05565
32640 0.001059 0.478176 1.621 20.25 89.775 0.064729 2.3678048693514806 0 0 2484 1502 0.00168 0.0588
32641 0.001088 0.463265 1.635 20.32 301.6125 0.066044 2.4205278266418304 0 0 2561 1599 0.00176 0.0616
32642 0.001118 0.448353 1.649 20.38 215.775 0.067359 2.4734113798960085 0 0 2638 1695 0.00185 0.06475
32643 0.001147 0.433441 1.664 20.45 84.15 0.068674 2.5264423934404805 0 0 2715 1791 0.00194 0.0679
32644 0.001177 0.418529 1.678 20.51 182.25 0.069988 2.57960773160171 0 0 2792 1888 0.00203 0.07105
32645 0.001206 0.403618 1.693 20.58 181.9125 0.071303 2.632894258706163 0 0 2869 1984 0.00212 0.0742
32646 0.001235 0.388706 1.707 20.64 78.6375 0.072618 2.6862888390803037 0 0 2946 2080 0.00221 0.07735
32647 0.001265 0.373794 1.722 20.71 105.975 0.073932 2.739778337050597 0 0 3023 2177 0.00229 0.08015
32648 0.001294 0.358882 1.736 20.77 230.85 0.075247 2.7933496169435084 0 0 3100 2273 0.00238 0.0833
32649 0.001324 0.343971 1.751 20.84 68.5125 0.076562 2.846989543085502 0 0 3177 2369 0.00247 0.08645
32650 0.001353 0.329059 1.765 20.9 226.35 0.077876 2.900684979803043 0 0 3254 2466 0.00256 0.0896
32651 0.001382 0.314147 1.78 21.04 98.55 0.079191 2.9544227914225965 0 0 3331 2562 0.00265 0.09275
32652 0.001412 0.299235 1.794 21.17 36.9 0.080506 3.008189842270627 0 0 3408 2658 0.00274 0.0959
32653 0.001441 0.284324 1.809 21.31 283.95 0.081821 3.0619734608111706 0 0 3485 2755 0.00282 0.0987
32654 0.001471 0.269412 1.823 21.44 233.325 0.083135 3.1157612457063015 0 0 3562 2851 0.00291 0.10185
32655 0.0015 0.2545 1.838 21.58 259.65 0.08445 3.169539061662384 0 0 3640 2948 0.003 0.105
32656 0.001529 0.239588 1.852 21.71 268.0875 0.085765 3.223293775584022 0 0 3717 3044 0.00309 0.10815
32657 0.001559 0.224676 1.867 21.85 308.25 0.087079 3.2770122543758182 0 0 3794 3140 0.00318 0.1113
32658 0.001588 0.209765 1.881 21.99 300.4875 0.088394 3.330681364942377 0 0 3871 3237 0.00326 0.1141
32659 0.001618 0.194853 1.895 22.12 256.3875 0.089709 3.384287974188301 0 0 3948 3333 0.00335 0.11725
32660 0.001647 0.179941 1.91 22.26 258.8625 0.091024 3.4378189490181947 0 0 4025 3429 0.00344 0.1204
32661 0.001677 0.165029 1.924 22.39 310.275 0.092338 3.4912611563366607 0 0 4102 3526 0.00353 0.12355
32662 0.001706 0.150118 1.939 22.53 224.2125 0.093653 3.544601463048303 0 0 4179 3622 0.00362 0.1267
32663 0.001735 0.135206 1.953 22.66 207.675 0.094968 3.5978267360577245 0 0 4256 3718 0.00371 0.12985
32664 0.001765 0.120294 1.968 22.8 212.625 0.096282 3.6509238422695294 0 0 4333 3815 0.00379 0.13265
32665 0.001794 0.105382 1.982 22.94 294.1875 0.097597 3.7038796485883205 0 0 4410 3911 0.00388 0.1358
32666 0.001824 0.090471 1.997 23.07 69.8625 0.098912 3.7566810219187015 0 0 4487 4007 0.00397 0.13895
32667 0.001853 0.075559 2.011 23.21 69.8625 0.100226 3.8093148291652765 0 0 4564 4104 0.00406 0.1421
32668 0.001882 0.060647 2.026 23.34 93.2625 0.101541 3.8617679372326474 0 0 4641 4200 0.00415 0.14525
32669 0.001912 0.045735 2.04 23.48 332.1 0.102856 3.9140272130254194 0 0 4718 4296 0.00424 0.1484
32670 0.001941 0.030824 2.055 23.61 257.0625 0.104171 3.966079523448195 0 0 4795 4393 0.00432 0.1512
32671 0.001971 0.015912 2.069 23.75 324.7875 0.105485 4.017911735405578 0 0 4872 4489 0.00441 0.15435
32672 0.002 0.001 2.084 23.89 134.775 0.1068 4.069510715802172 0 0 4950 4586 0.0045 0.1575
32673 0.001964 0.004143 2.098 24.02 62.775 0.107064 4.12086333154258 0 0 4773 4435 0.0103 0.3605
32674 0.001929 0.007286 2.193 24.16 140.0625 0.107329 4.1719564495314065 0 0 4596 4284 0.01611 0.56385
32675 0.001893 0.010429 2.287 24.29 70.425 0.107593 4.222776936673253 0 0 4419 4133 0.02191 0.76685
32676 0.001857 0.013571 2.382 24.43 68.0625 0.107857 4.273311659872725 0 0 4242 3982 0.02771 0.96985
32677 0.001821 0.016714 2.477 24.56 159.1875 0.108121 4.323547486034425 0 0 4066 3832 0.03352 1.1732
32678 0.001786 0.019857 2.572 24.7 218.7 0.108386 4.373471282062956 0 0 3889 3681 0.03932 1.3762
32679 0.00175 0.023 2.666 24.81 163.575 0.10865 4.423069914862923 0 0 3712 3530 0.04513 1.57955
32680 0.001714 0.026143 2.761 24.91 55.575 0.108914 4.472330251338929 0 0 3535 3379 0.05093 1.78255
32681 0.001679 0.029286 2.856 25.02 59.175 0.109179 4.521239158395576 0 0 3358 3228 0.05673 1.98555
32682 0.001643 0.032429 2.95 25.13 120.825 0.109443 4.56978350293747 0 0 3182 3078 0.06254 2.1889
32683 0.001607 0.035571 3.045 25.24 264.4875 0.109707 4.617950151869211 0 0 3005 2927 0.06834 2.3919
32684 0.001571 0.038714 3.14 25.34 100.575 0.109971 4.665725972095406 0 0 2828 2776 0.07414 2.5949
32685 0.001536 0.041857 3.235 25.45 34.65 0.110236 4.713097830520656 0 0 2651 2625 0.07995 2.79825
32686 0.0015 0.045 3.329 25.56 306.45 0.1105 4.760052594049566 0 0 2475 2475 0.08575 3.00125
32687 0.001464 0.048143 3.424 25.67 206.4375 0.110764 4.8065771295867386 0 0 2298 2324 0.09155 3.20425
32688 0.001429 0.051286 3.519 25.77 187.0875 0.111029 4.852658304036778 0 0 2121 2173 0.09736 3.4076
32689 0.001393 0.054429 3.613 25.88 116.6625 0.111293 4.898282984304287 0 0 1944 2022 0.10316 3.6106
32690 0.001357 0.057571 3.708 25.99 48.2625 0.111557 4.9434548215658785 0 0 1767 1871 0.10896 3.8136
32691 0.001321 0.060714 3.803 26.1 110.025 0.111821 4.988157383636995 0 0 1591 1721 0.11477 4.01695
32692 0.001286 0.063857 3.898 26.2 200.025 0.112086 5.032378080725653 0 8053 1414 1570 0.12057 4.21995
32693 0.00125 0.067 3.992 26.31 204.75 0.11235 5.076104731693976 0 16107 1237 1419 0.12638 4.4233
32694 0.001214 0.070143 4.087 26.42 308.025 0.112614 5.117136345999405 0 24160 1060 1268 0.13218 4.6263
32695 0.001179 0.073286 4.182 26.53 140.4 0.112879 4.8624937527508685 0 32214 883 1117 0.13798 4.8293
32696 0.001143 0.076429 4.276 26.63 95.7375 0.113143 4.636307697834926 0 40267 707 967 0.14379 5.03265
32697 0.001107 0.079571 4.371 26.74 74.475 0.113407 4.433760188435337 0 48321 530 816 0.14959 5.23565
32698 0.001071 0.082714 4.466 26.85 210.7125 0.113671 4.254485848469948 0 56374 353 665 0.15539 5.43865
32699 0.001036 0.085857 4.561 26.96 133.0875 0.113936 4.098273833790681 0 64428 176 514 0.1612 5.642
32700 0.001 0.089 4.655 27.06 226.0125 0.1142 3.9647387149874236 11 66024 0 364 0.167 5.845
32701 0.002556 0.101815 4.75 27.17 181.4625 0.111963 3.8534147089456514 22 67620 5 350 0.16433 5.75155
32702 0.004111 0.11463 4.832 27.28 43.3125 0.109726 3.763954869296365 33 69216 10 337 0.16167 5.65845
32703 0.005667 0.127444 4.915 27.39 94.3875 0.107489 3.6954321088304285 44 70812 16 323 0.159 5.565
32704 0.007222 0.140259 4.997 27.49 154.575 0.105252 3.647477185128206 56 72408 21 310 0.15633 5.47155
32705 0.008778 0.153074 5.079 27.6 229.3875 0.103015 3.6164225620389927 67 74004 27 296 0.15367 5.37845
32706 0.010333 0.165889 5.162 27.55 201.15 0.100778 3.5863145004950097 78 75600 32 283 0.151 5.285
32707 0.011889 0.178704 5.244 27.5 254.925 0.098541 3.557894068781782 89 77196 37 269 0.14833 5.19155
32708 0.013444 0.191519 5.326 27.44 292.275 0.096304 3.532987142772452 101 78792 43 256 0.14567 5.09845
32709 0.015 0.204333 5.408 27.39 277.0875 0.094067 3.5119085308729034 112 80388 48 242 0.143 5.005
32710 0.016556 0.217148 5.491 27.34 305.1 0.09183 3.4940349272556848 123 81984 54 229 0.14033 4.91155
32711 0.018111 0.229963 5.573 27.29 223.875 0.089593 3.4787161724881908 134 83580 59 215 0.13767 4.81845
32712 0.019667 0.242778 5.655 27.24 173.5875 0.087356 3.464519900317447 146 85176 64 202 0.135 4.725
32713 0.021222 0.255593 5.738 27.19 253.2375 0.085119 3.4512881559864756 1279 85852 70 188 0.13233 4.63155
32714 0.022778 0.268407 5.82 27.13 209.1375 0.082881 3.439692709837544 2413 86528 75 175 0.12967 4.53845
32715 0.024333 0.281222 5.902 27.08 163.6875 0.080644 3.4295682809292978 3546 87204 81 161 0.127 4.445
32716 0.025889 0.294037 5.984 27.03 183.6 0.078407 3.4205986896142035 4680 87880 86 148 0.12433 4.35155
32717 0.027444 0.306852 6.067 26.98 177.6375 0.07617 3.412717278777781 5813 88556 91 134 0.12167 4.25845
32718 0.029 0.319667 6.149 26.93 15.8625 0.073933 3.4056437314412644 6947 89232 97 121 0.119 4.165
32719 0.030556 0.332481 6.231 26.87 175.5 0.071696 3.3990962997250516 8081 89908 102 107 0.11633 4.07155
32720 0.032111 0.345296 6.314 26.82 210.7125 0.069459 3.3942932795125715 9214 90584 108 94 0.11367 3.97845
32721 0.033667 0.358111 6.396 26.77 230.9625 0.067222 3.3909695532750317 10348 91260 113 80 0.111 3.885
32722 0.035222 0.370926 6.478 26.72 190.0125 0.064985 3.3880589113440323 11481 91936 118 67 0.10833 3.79155
32723 0.036778 0.383741 6.561 26.67 48.7125 0.062748 3.38590511288113 12615 92612 124 53 0.10567 3.69845
32724 0.038333 0.396556 6.643 26.61 275.85 0.060511 3.3840556949030787 13748 93288 129 40 0.103 3.605
32725 0.039889 0.40937 6.725 26.56 236.925 0.058274 3.38191160936105 14882 93964 135 26 0.10033 3.51155
32726 0.041444 0.422185 6.807 26.51 273.7125 0.056037 3.3806002761228293 16016 94640 140 13 0.09767 3.41845
32727 0.043 0.435 6.89 26.46 228.4875 0.0538 3.3793999438263964 19534 87724 146 0 0.095 3.325
32728 0.043333 0.428074 6.972 26.41 240.75 0.056285 3.3781308630777467 23053 80808 141 0 0.11193 3.91755
32729 0.043667 0.421148 7.012 26.36 224.325 0.05877 3.377077876139127 26572 73892 136 0 0.12885 4.50975
32730 0.044 0.414222 7.053 26.3 266.0625 0.061256 3.3760083373980514 30090 66976 132 0 0.14578 5.1023
32731 0.044333 0.407296 7.093 26.25 274.95 0.063741 3.374864711993135 33609 60060 127 0 0.1627 5.6945
32732 0.044667 0.40037 7.134 26.2 184.5 0.066226 3.3737199722490288 37128 53144 123 0 0.17963 6.28705
32733 0.045 0.393444 7.174 25.98 207 0.068711 3.3724867445499527 40646 46228 118 0 0.19656 6.8796
32734 0.045333 0.386519 7.214 25.75 209.5875 0.071196 3.3711146440686415 44165 39312 114 0 0.21348 7.4718
32735 0.045667 0.379593 7.255 25.53 212.625 0.073681 3.3694867128700494 47684 32396 109 0 0.23041 8.06435
32736 0.046 0.372667 7.295 25.31 225.45 0.076167 3.3675964567535353 51202 25480 104 0 0.24733 8.65655
32737 0.046333 0.365741 7.335 25.09 143.775 0.078652 3.365399183364329 54721 18564 100 0 0.26426 9.2491
32738 0.046667 0.358815 7.376 24.86 218.5875 0.081137 3.362850200347661 58240 11648 95 0 0.28119 9.84165
32739 0.047 0.351889 7.416 24.64 235.35 0.083622 3.3598590064207032 54340 11986 91 0 0.29811 10.43385
32740 0.047333 0.344963 7.456 24.42 280.0125 0.086107 3.3563530100163828 50440 12324 86 0 0.31504 11.0264
32741 0.047667 0.338037 7.497 24.19 208.575 0.088593 3.3523028991702204 46540 12662 82 0 0.33196 11.6186
32742 0.048 0.331111 7.537 23.97 67.275 0.091078 3.347654563977007 42640 13000 77 0 0.34889 12.21115
32743 0.048333 0.324185 7.578 23.75 75.6 0.093563 3.3423538945315308 38740 13338 73 0 0.36581 12.80335
32744 0.048667 0.317259 7.618 23.53 49.275 0.096048 3.3363167529024524 34840 13676 68 0 0.38274 13.3959
32745 0.049 0.310333 7.658 23.3 222.3 0.098533 3.3295019052973163 30940 14014 63 0 0.39967 13.98845
32746 0.049333 0.303407 7.699 23.08 235.6875 0.101019 3.3218550689084796 27040 14352 59 0 0.41659 14.58065
32747 0.049667 0.296481 7.739 22.86 223.7625 0.103504 3.3133212218837964 23140 14690 54 0 0.43352 15.1732
32748 0.05 0.289556 7.779 22.63 214.875 0.105989 3.303845768639507 19240 15028 50 0 0.45044 15.7654
32749 0.050333 0.28263 7.82 22.41 173.8125 0.108474 3.293374539860238 15340 15366 45 0 0.46737 16.35795
32750 0.050667 0.275704 7.86 22.19 196.5375 0.110959 3.2818537924990014 11440 15704 41 0 0.4843 16.9505
32751 0.051 0.268778 7.901 21.97 164.5875 0.113444 3.269229256833624 7540 16042 36 0 0.50122 17.5427
32752 0.051333 0.261852 7.941 21.74 35.8875 0.11593 3.255444579767357 3640 16380 31 0 0.51815 18.13525
32753 0.051667 0.254926 7.981 21.52 109.8 0.118415 3.2404496959399105 5915 16789 27 0 0.53507 18.72745
32754 0.052 0.248 8.022 21.3 129.0375 0.1209 3.2241923133716943 8190 17199 22 0 0.552 19.32
32755 0.051629 0.277857 8.062 21.07 150.975 0.118408 3.206620566504827 10465 17608 18 0 0.562 19.67
32756 0.051257 0.307714 8.076 20.85 163.2375 0.115917 3.1876830162031347 12740 18018 13 0 0.572 20.02
32757 0.050886 0.337571 8.089 20.63 223.3125 0.113425 3.1673286497521507 15015 18427 9 0 0.582 20.37
32758 0.050514 0.367429 8.103 20.41 169.9875 0.110933 3.1455068808591164 17290 18837 4 0 0.592 20.72
32759 0.050143 0.397286 8.116 20.18 207.3375 0.108441 3.122167549652981 19565 19246 0 0 0.602 21.07
32760 0.049771 0.427143 8.13 19.96 101.5875 0.10595 3.0972609226844017 21840 19656 14 0 0.612 21.42
32761 0.0494 0.457 8.143 19.74 105.4125 0.103458 3.0707376929257433 20160 20608 29 0 0.622 21.77
32762 0.049029 0.486857 8.157 19.51 171.7875 0.100966 3.042548979771078 18480 21560 43 0 0.632 22.12
32763 0.048657 0.516714 8.171 19.29 167.0625 0.098475 3.0126310577926225 16800 22512 58 0 0.642 22.47
32764 0.048286 0.546571 8.184 19.07 141.3 0.095983 2.980936234024843 15120 23464 72 0 0.652 22.82
32765 0.047914 0.576429 8.198 18.85 148.95 0.093491 2.947424884500223 13440 24416 87 0 0.662 23.17
32766 0.047543 0.606286 8.211 18.62 81.5625 0.090999 2.912049335443964 11760 25368 101 0 0.672 23.52
32767 0.047171 0.636143 8.225 18.4 206.4375 0.088508 2.8747623513723295 10080 26320 116 0 0.682 23.87
32768 0.0468 0.666 8.238 18.34 119.025 0.086016 2.835517135092644 8400 27272 131 0 0.692 24.22
32769 0.046429 0.695857 8.252 18.28 76.6125 0.083524 2.794267327703293 6720 28224 145 0 0.702 24.57
32770 0.046057 0.725714 8.266 18.22 85.95 0.081033 2.750967008593724 5040 29176 160 0 0.712 24.92
32771 0.045686 0.755571 8.279 18.16 171.1125 0.078541 2.7055706954444454 3360 30128 174 0 0.722 25.27
32772 0.045314 0.785429 8.293 18.1 199.8 0.076049 2.6580333442270265 1680 31080 189 0 0.732 25.62
32773 0.044943 0.815286 8.306 18.04 189.5625 0.073557 2.608310349204099 0 32032 203 0 0.742 25.97
32774 0.044571 0.845143 8.32 17.99 104.625 0.071066 2.5563575429293546 0 34832 218 0 0.752 26.32
32775 0.0442 0.875 8.333 17.93 163.125 0.068574 2.5021311962475474 0 37632 233 0 0.762 26.67
32776 0.043829 0.904857 8.347 17.87 108.45 0.066082 2.4455880182944925 0 40432 247 0 0.772 27.02
32777 0.043457 0.934714 8.361 17.81 140.2875 0.063591 2.386685156497066 0 43232 262 0 0.782 27.37
32778 0.043086 0.964571 8.374 17.75 160.65 0.061099 2.3253801965732053 0 46032 276 0 0.792 27.72
32779 0.042714 0.994429 8.388 17.69 30.375 0.058607 2.261631162531909 0 48832 291 0 0.802 28.07
32780 0.042343 1.024286 8.401 17.63 86.625 0.056115 2.1953965166732385 0 51632 305 0 0.812 28.42
32781 0.041971 1.054143 8.415 17.57 48.15 0.053624 2.126635159588315 0 54432 320 0 0.822 28.77
32782 0.0416 1.084 8.428 17.51 196.9875 0.051132 2.0553064301593205 0 57232 335 0 0.832 29.12
32783 0.041229 1.113857 8.442 17.45 62.1 0.04864 1.9813701055594994 0 60032 349 0 0.842 29.47
32784 0.040857 1.143714 8.456 17.39 34.7625 0.046149 1.904786401253158 0 62832 364 0 0.852 29.82
32785 0.040486 1.173571 8.469 17.33 84.9375 0.043657 1.825515970995662 0 65632 378 0 0.862 30.17
32786 0.040114 1.203429 8.483 17.27 211.1625 0.041165 1.7568353368587466 0 68432 393 0 0.872 30.52
32787 0.039743 1.233286 8.496 17.21 171.9 0.038673 1.7573802842029023 665 67427 407 0 0.882 30.87
32788 0.039371 1.263143 8.51 17.16 24.3 0.036182 1.791347571110024 1330 66423 422 0 0.892 31.22
32789 0.039 1.293 8.523 17.1 75.4875 0.03369 1.8219038705750432 1995 65419 437 0 0.902 31.57
32790 0.037593 1.292148 8.537 17.04 102.15 0.034534 1.8480696637472376 2660 64415 431 0 0.8817 30.8595
32791 0.036185 1.291296 8.396 16.98 146.7 0.035377 1.8738028851324873 3326 63411 426 0 0.86141 30.14935
32792 0.034778 1.290444 8.256 16.92 162.45 0.036221 1.8976585103263992 3991 62407 421 0 0.84111 29.43885
32793 0.03337 1.289593 8.115 16.86 88.2 0.037065 1.9212576910054129 4656 61403 416 0 0.82081 28.72835
32794 0.031963 1.288741 7.975 16.8 123.4125 0.037909 1.9437062202575166 5321 60398 410 0 0.80052 28.0182
32795 0.030556 1.287889 7.834 16.57 193.6125 0.038752 1.9649280143169143 5987 59394 405 0 0.78022 27.3077
32796 0.029148 1.287037 7.693 16.35 23.175 0.039596 1.9841697888062622 6652 58390 400 0 0.75993 26.59755
32797 0.027741 1.286185 7.553 16.12 184.95 0.04044 2.001634705364768 7317 57386 395 0 0.73963 25.88705
32798 0.026333 1.285333 7.412 15.9 179.775 0.041283 2.0170455934710514 7982 56382 390 0 0.71933 25.17655
32799 0.024926 1.284481 7.272 15.67 101.925 0.042127 2.0300623313304564 8648 55378 384 0 0.69904 24.4664
32800 0.023519 1.28363 7.131 15.45 137.25 0.042971 2.040660372944007 9313 54374 379 0 0.67874 23.7559
32801 0.022111 1.282778 6.991 15.22 171.9 0.043814 2.048719601064485 9978 53369 374 0 0.65844 23.0454
32802 0.020704 1.281926 6.85 14.99 75.4875 0.044658 2.053987650191126 10643 52365 369 0 0.63815 22.33525
32803 0.019296 1.281074 6.709 14.77 137.925 0.045502 2.0570502534528874 11309 51361 364 0 0.61785 21.62475
32804 0.017889 1.280222 6.569 14.54 138.9375 0.046346 2.0579395071059507 11974 50357 358 0 0.59756 20.9146
32805 0.016482 1.27937 6.428 14.32 95.625 0.047189 2.0565649402862336 12639 49353 353 0 0.57726 20.2041
32806 0.015074 1.278519 6.288 14.09 171.45 0.048033 2.0531025701876175 13304 48349 348 0 0.55696 19.4936
32807 0.013667 1.277667 6.147 13.87 146.5875 0.048877 2.047605125445521 13970 47345 343 0 0.53667 18.78345
32808 0.012259 1.276815 6.006 13.64 40.05 0.04972 2.0401345807990743 14635 46341 337 0 0.51637 18.07295
32809 0.010852 1.275963 5.866 13.41 87.3 0.050564 2.0307193483045514 15300 45336 332 0 0.49607 17.36245
32810 0.009444 1.275111 5.725 13.19 164.925 0.051408 2.0194359890862787 15965 44332 327 0 0.47578 16.6523
32811 0.008037 1.274259 5.585 12.96 160.5375 0.052251 2.0063478690425502 16631 43328 322 0 0.45548 15.9418
32812 0.00663 1.273407 5.444 12.74 113.0625 0.053095 1.9914593993126695 17296 42324 317 0 0.43519 15.23165
32813 0.005222 1.272556 5.303 12.51 108.675 0.053939 1.9748578773383605 17961 41320 311 0 0.41489 14.52115
32814 0.003815 1.271704 5.163 12.29 94.275 0.054783 1.9566033818224629 18626 40316 306 0 0.39459 13.81065
32815 0.002407 1.270852 5.022 12.06 34.0875 0.055626 1.9367559914678159 19292 39312 301 0 0.3743 13.1005
32816 0.001 1.27 4.882 11.83 40.1625 0.05647 1.9153757849772588 18740 38469 296 0 0.354 12.39
32817 0.001114 1.269114 4.741 11.61 29.025 0.05517 1.8925180195800202 18189 37627 291 0 0.35774 12.5209
32818 0.001229 1.268229 4.625 11.38 42.6375 0.053871 1.868237019709017 17638 36784 282 0 0.36149 12.65215
32819 0.001343 1.267343 4.51 11.16 120.7125 0.052571 1.842596737833207 17087 35942 273 0 0.36523 12.78305
32820 0.001457 1.266457 4.394 10.93 105.6375 0.051271 1.8156562999391217 16536 35100 265 0 0.36897 12.91395
32821 0.001571 1.265571 4.278 10.71 55.2375 0.049971 1.7874748320132927 15984 34257 256 0 0.37271 13.04485
32822 0.001686 1.264686 4.163 10.48 64.4625 0.048672 1.7581114600422516 15433 33415 248 0 0.37646 13.1761
32823 0.0018 1.2638 4.047 10.25 99.9 0.047372 1.7276189669510322 14882 32572 239 0 0.3802 13.307
32824 0.001914 1.262914 3.931 10.03 55.6875 0.046072 1.696059111458487 14331 31730 231 0 0.38394 13.4379
32825 0.002029 1.262029 3.816 9.8 12.4875 0.044773 1.6634919935317476 13780 30888 222 0 0.38769 13.56915
32826 0.002143 1.261143 3.7 9.58 113.625 0.043473 1.629976633701462 13228 30045 213 0 0.39143 13.70005
32827 0.002257 1.260257 3.584 9.35 133.65 0.042173 1.595572052498278 12677 29203 205 0 0.39517 13.83095
32828 0.002371 1.259371 3.469 9.13 143.2125 0.040873 1.5603372704528435 12126 28360 196 0 0.39891 13.96185
32829 0.002486 1.258486 3.353 8.9 129.375 0.039574 1.5243313080958067 11575 27518 188 0 0.40266 14.0931
32830 0.0026 1.2576 3.238 8.76 111.375 0.038274 1.4876131859578152 11024 26676 179 0 0.4064 14.224
32831 0.002714 1.256714 3.122 8.62 90 0.036974 1.450241924569517 10472 25833 171 0 0.41014 14.3549
32832 0.002829 1.255829 3.006 8.48 128.925 0.035675 1.4122765444615601 9921 24991 162 0 0.41389 14.48615
32833 0.002943 1.254943 2.891 8.34 63.7875 0.034375 1.3737760661645924 9370 24148 154 0 0.41763 14.61705
32834 0.003057 1.254057 2.775 8.2 128.475 0.033075 1.3347995102092618 8819 23306 145 0 0.42137 14.74795
32835 0.003171 1.253171 2.659 8.06 43.425 0.031775 1.295400618760656 8268 22464 136 0 0.42511 14.87885
32836 0.003286 1.252286 2.544 7.91 68.85 0.030476 1.2556417888643852 7716 21621 128 0 0.42886 15.0101
32837 0.0034 1.2514 2.428 7.77 101.025 0.029176 1.2155828126236163 7165 20779 119 0 0.4326 15.141
32838 0.003514 1.250514 2.312 7.63 129.9375 0.027876 1.1752826799357081 6614 19936 111 0 0.43634 15.2719
32839 0.003629 1.249629 2.197 7.49 131.0625 0.026577 1.1348003806980183 6063 19094 102 0 0.44009 15.40315
32840 0.003743 1.248743 2.081 7.35 116.775 0.025277 1.0941949048079056 5512 18252 94 0 0.44383 15.53405
32841 0.003857 1.247857 1.965 7.21 112.725 0.023977 1.0535252421627284 4960 17409 85 0 0.44757 15.66495
32842 0.003971 1.246971 1.85 7.07 103.6125 0.022677 1.0128503826598447 4409 16567 77 0 0.45131 15.79585
32843 0.004086 1.246086 1.734 6.93 100.9125 0.021378 0.9722293161966133 3858 15724 68 0 0.45506 15.9271
32844 0.0042 1.2452 1.618 6.79 109.6875 0.020078 0.9317210326703922 3307 14882 59 0 0.4588 16.058
32845 0.004314 1.244314 1.503 6.65 32.625 0.018778 0.8913845219785401 2756 14040 51 0 0.46254 16.1889
32846 0.004429 1.243429 1.387 6.51 71.4375 0.017479 0.8512787740184151 2204 13197 42 0 0.46629 16.32015
32847 0.004543 1.242543 1.271 6.37 116.4375 0.016179 0.8114627786873758 1653 12355 34 0 0.47003 16.45105
32848 0.004657 1.241657 1.156 6.23 123.3 0.014879 0.7719955258827804 1102 11512 25 0 0.47377 16.58195
32849 0.004771 1.240771 1.04 6.09 110.1375 0.013579 0.7329360055019872 551 10670 17 0 0.47751 16.71285
32850 0.004886 1.239886 0.924 5.94 83.5875 0.01228 0.6943432074423548 0 9828 8 0 0.48126 16.8441
32851 0.005 1.239 0.809 5.8 99.675 0.01098 0.6562761216012413 0 9464 0 0 0.485 16.975
32852 0.005778 1.243111 0.693 5.66 29.3625 0.010681 0.6187937378760051 0 9100 0 0 0.485 16.975
32853 0.006556 1.247222 0.843 5.52 119.25 0.010381 0.5819550461640048 0 8736 0 0 0.485 16.975
32854 0.007333 1.251333 0.994 5.38 103.8375 0.010082 0.5458190363625985 0 8372 0 0 0.485 16.975
32855 0.008111 1.255444 1.144 5.24 111.15 0.009783 0.5104446983691447 0 8008 0 0 0.485 16.975
32856 0.008889 1.259556 1.295 5.1 112.3875 0.009484 0.47661796690560815 0 7644 0 0 0.485 16.975
32857 0.009667 1.263667 1.445 5.05 125.1 0.009184 0.45903905743267 0 7280 0 0 0.485 16.975
32858 0.010444 1.267778 1.595 5 123.525 0.008885 0.4525380094811437 0 6916 0 0 0.485 16.975
32859 0.011222 1.271889 1.746 4.96 101.025 0.008586 0.44706798447067236 0 6552 0 0 0.485 16.975
32860 0.012 1.276 1.896 4.91 72.1125 0.008287 0.44109308671894326 0 6188 0 0 0.485 16.975
32861 0.012778 1.280111 2.046 4.86 110.1375 0.007987 0.43486599872838705 0 5824 0 0 0.485 16.975
32862 0.013556 1.284222 2.197 4.81 19.0125 0.007688 0.42855216226179155 0 5460 0 0 0.485 16.975
32863 0.014333 1.288333 2.347 4.76 34.65 0.007389 0.4222289142944472 0 5096 0 0 0.485 16.975
32864 0.015111 1.292444 2.497 4.71 68.5125 0.00709 0.41585135020675074 0 4732 0 0 0.485 16.975
32865 0.015889 1.296556 2.648 4.67 38.1375 0.00679 0.4095743706423682 0 4368 0 0 0.485 16.975
32866 0.016667 1.300667 2.798 4.62 79.9875 0.006491 0.40335283111850156 0 4004 0 0 0.485 16.975
32867 0.017444 1.304778 2.949 4.57 63.3375 0.006192 0.39716378403484476 0 3640 0 0 0.485 16.975
32868 0.018222 1.308889 3.099 4.52 110.7 0.005893 0.39100199108348266 0 3276 0 0 0.485 16.975