date t temp ph ox ortp nh4 no silica cod bod phyto chla chlor dyno chrys crip daph eudi cyc daph_lit light ortp_krivica ortp_misca ortp_radovna q_jezernica q_krivica q_misca q_radovna q_natega diat light_m
36217 730177 4.422204667 7.196932768 10.06932341 0.011109126 0.018009152 1.782253947 1.744343579 1.655251797 1.874094689 0.9226037383842204 0.006181072 0.008420287 0.359333074 0.010879644 0.099395761 0.00145946 0.928168487 6.014090574 0.051081094 156.8826 0.037796561 0.0977729 0.006673909 50457.6 1555.2 20304 38262.85714 10108.8 0.27387 105.16716
36218 730178 4.4138566 7.196568772 10.09819266 0.011069023 0.017675988 1.783967045 1.755430562 1.650243946 1.888825613 0.9380545087041343 0.006199644 0.008148048 0.36226369 0.011057286 0.099127194 0.00145348 0.927428121 6.054839233 0.050871811 158.5584 0.037598959 0.099444444 0.006389872 50457.6 1555.2 20304 38262.85714 10108.8 0.25627 85.48092
36219 730179 4.405937886 7.196225449 10.12699948 0.01103051 0.017356031 1.785594927 1.766078019 1.645434624 1.903263765 0.9543891766104668 0.006218507 0.007886602 0.365078126 0.011237812 0.098871781 0.001447835 0.926717105 6.09389247 0.050674241 160.2468 0.037401926 0.101025453 0.006125038 50457.6 1555.2 20304 38262.85714 10108.8 0.23937 96.18588
36220 730180 4.398448389 7.195902581 10.15573378 0.010993637 0.017049701 1.787137308 1.776271998 1.640830132 1.917397665 0.9712626298364323 0.006237661 0.007636291 0.367772695 0.01142124 0.09862959 0.001442522 0.926036372 6.131207652 0.050488278 161.9604 0.037206744 0.102495809 0.005881929 50457.6 1555.2 22636.8 34467.09677 14169.6 0.2232 131.95224
36221 730181 4.391387977 7.195599951 10.18438546 0.010958455 0.016757417 1.788593902 1.785998543 1.636436774 1.931215835 0.9858359245995798 0.006257109 0.007397457 0.370343707 0.011607586 0.098400687 0.001437538 0.925386853 6.166742149 0.050313814 163.674 0.037014694 0.103835391 0.005663061 50457.6 1555.2 22636.8 34467.09677 14169.6 0.20776 39.40403478
36222 730182 4.384756512 7.195317344 10.21294441 0.010925013 0.016479599 1.789964425 1.795243704 1.632260852 1.944706795 1.0021381723188183 0.006276852 0.007170444 0.372787475 0.011796868 0.09818514 0.001432878 0.92476948 6.200453328 0.050150746 165.4128 0.036827059 0.105024082 0.005470954 50457.6 1555.2 22636.8 34467.09677 14169.6 0.19309 190.9656
36223 730183 4.378553861 7.195054541 10.24140054 0.010893364 0.016216666 1.791248592 1.803993526 1.628308668 1.957859066 1.019377307353928 0.006296892 0.006955594 0.37510031 0.011989103 0.097983015 0.001428542 0.924185185 6.232298558 0.049998966 167.1642 0.036645122 0.106041762 0.005308128 61084.8 1555.2 22636.8 34467.09677 14169.6 0.1792 101.493
36224 730184 4.372779889 7.194811326 10.26974374 0.010863557 0.015969038 1.792446119 1.812234055 1.624586524 1.970661167 1.0370103400398745 0.00631723 0.006753249 0.377278525 0.012184308 0.097794379 0.001424525 0.923634899 6.262235207 0.049858368 168.9408 0.036470165 0.106868313 0.0051771 70156.8 2160 24969.6 34467.09677 14169.6 0.16613 125.2183418
36225 730185 4.36743446 7.194587482 10.29796391 0.010835643 0.015737133 1.793556719 1.81995134 1.621100724 1.983101621 1.0545302908488452 0.006337868 0.006563753 0.379318431 0.0123825 0.097619299 0.001420824 0.923119554 6.290220644 0.049728847 170.7174 0.036303471 0.107483615 0.005080391 80179.2 2851.2 18230.4 34467.09677 14169.6 0.15388 190.42128
36226 730186 4.362517441 7.194382792 10.32605096 0.010809671 0.015521371 1.794580109 1.827131426 1.61785757 1.995168947 1.071916660297782 0.006358807 0.006387447 0.381216339 0.012583695 0.097457842 0.001417437 0.922640083 6.316212236 0.049610297 172.5066 0.036146322 0.107867551 0.005020517 70156.8 2851.2 18230.4 34467.09677 14169.6 0.14249 144.6984
36227 730187 4.358028696 7.19419704 10.35399478 0.010785693 0.015322171 1.795516002 1.833760361 1.614863364 2.006851666 1.089303029746719 0.006380049 0.006224675 0.382968561 0.012787912 0.097310073 0.00141436 0.922197416 6.340167352 0.049502612 174.321 0.036 0.108 0.005 91584 2851.2 18230.4 34467.09677 14169.6 0.13197 202.9174326
36228 730188 4.35396809 7.194030007 10.38178528 0.01076376 0.015139952 1.796364116 1.839824191 1.612124408 2.018138298 1.106689399195656 0.006401595 0.006075779 0.38457141 0.012995167 0.097176061 0.001411591 0.921792486 6.36204336 0.049405685 176.1354 0.035855692 0.107983704 0.005 80179.2 2851.2 18230.4 34467.09677 14169.6 0.12234 74.18628
36229 730189 4.350335489 7.193881478 10.40941234 0.01074392 0.014975134 1.797124164 1.845308962 1.609647006 2.029017365 1.1249306589284702 0.006423446 0.005941101 0.386021197 0.013205477 0.097055872 0.001409126 0.921426224 6.381797628 0.049319411 177.9624 0.035704289 0.107936296 0.005 70156.8 2160 18230.4 34467.09677 14169.6 0.11364 98.13636
36230 730190 4.347130758 7.193751235 10.43686587 0.010726226 0.014828136 1.797795861 1.850200723 1.607437459 2.039477386 1.1434749199218468 0.006445605 0.005820985 0.387314233 0.01341886 0.096949572 0.001406962 0.921099562 6.399387524 0.049243683 179.8146 0.035546632 0.10786 0.005 70156.8 2160 18230.4 34467.09677 14169.6 0.10588 165.83616
36231 730191 4.344353761 7.193639062 10.46413578 0.010710728 0.014699378 1.798378923 1.85448552 1.605502071 2.049506883 1.161287478877236 0.006468073 0.005715772 0.388446831 0.013635332 0.09685723 0.001405097 0.920813432 6.414770418 0.049178397 181.6668 0.035383563 0.107757037 0.005 70156.8 2160 18230.4 34467.09677 14169.6 0.099077 218.68056
36232 730192 4.342004365 7.193544741 10.49121195 0.010697475 0.014589278 1.798873065 1.858149398 1.603847143 2.059094376 1.1789396926408922 0.006490851 0.005625807 0.389415302 0.013854911 0.09677891 0.001403527 0.920568766 6.427903676 0.049123445 183.519 0.035215924 0.10762963 0.005 70156.8 2160 18230.4 34467.09677 14169.6 0.093263 189.28728
36233 730193 4.340082434 7.193468056 10.51808429 0.010686518 0.014498256 1.799278002 1.861178406 1.602478978 2.068228385 1.1965491815095473 0.006513941 0.00555143 0.390215958 0.014077613 0.09671468 0.001402249 0.920366495 6.438744668 0.049078722 185.3964 0.035044555 0.10748 0.005 70156.8 2160 18230.4 34467.09677 14169.6 0.088456 214.87032
36234 730194 4.338587834 7.193408789 10.5447427 0.010677909 0.014426731 1.799593449 1.86355859 1.601403879 2.076897431 1.2141330576628884 0.006537345 0.005492985 0.390845111 0.014303456 0.096664608 0.001401261 0.920207551 6.447250762 0.049044122 187.2738 0.034870297 0.10731037 0.005 70156.8 2160 16588.8 34467.09677 14169.6 0.084679 50.07744
36235 730195 4.337520429 7.193366725 10.57117708 0.010671697 0.014375123 1.799819121 1.865275997 1.600628148 2.085090036 1.2317169338162295 0.006561063 0.005450814 0.391299072 0.014532457 0.096628759 0.001400558 0.920092866 6.453379325 0.049019539 189.1638 0.034693992 0.107122963 0.005 61084.8 2160 16588.8 34467.09677 14169.6 0.081954 114.2145498
36236 730196 4.336880085 7.193341645 10.59737732 0.010667933 0.014343851 1.799954733 1.866316674 1.600158087 2.092794718 1.2494823277214389 0.006585097 0.005425261 0.391574153 0.014764632 0.096607201 0.001400139 0.920023372 6.457087726 0.049004867 191.0664 0.034516481 0.10692 0.005 61084.8 2160 16588.8 34467.09677 14169.6 0.080302 222.46812
36237 730197 4.336666667 7.193333333 10.62333333 0.010666667 0.014333333 1.8 1.866666667 1.6 2.1 1.2686532952992164 0.00660945 0.005416667 0.391666667 0.015 0.0966 0.0014 0.92 6.458333333 0.049 192.969 0.034338605 0.106703704 0.005 50457.6 2160 16588.8 34467.09677 14169.6 0.079747 225.82476
36238 730198 4.34454908 7.195019741 10.64932024 0.010693441 0.014335455 1.799806407 1.864040817 1.601273299 2.106904047 1.2882412986170737 0.006649939 0.005448102 0.390761766 0.015308227 0.096985977 0.001405943 0.929614766 6.455704745 0.049208005 194.8842 0.034161205 0.106476296 0.005 50457.6 1555.2 16588.8 34467.09677 14169.6 0.080171 64.36584
36239 730199 4.367685787 7.19995524 10.67561697 0.010771484 0.014341798 1.799233807 1.856363477 1.604987703 2.113711805 1.3016401936240127 0.006720989 0.005539734 0.388123921 0.015758584 0.09811106 0.001423532 0.957640788 6.447956331 0.049823628 196.812 0.033985124 0.10624 0.005 50457.6 1555.2 16588.8 34467.09677 14169.6 0.08141 30.5046
36240 730200 4.405310987 7.207954241 10.70221909 0.01089738 0.014352329 1.798294469 1.843934963 1.610984972 2.120421962 1.3215717917995065 0.006820512 0.005687548 0.383868422 0.016350496 0.099925974 0.001452408 1.002850647 6.435294115 0.050834287 198.7398 0.033811201 0.105997037 0.005 50457.6 1555.2 16588.8 34467.09677 14169.6 0.083407 180.78228
36241 730201 4.456658881 7.218831158 10.72912219 0.011067708 0.014367017 1.797000659 1.827055591 1.619106867 2.127033208 1.343731244635413 0.006946419 0.005887533 0.378110555 0.017083384 0.102381445 0.001492211 1.064016927 6.417924123 0.052227397 200.6676 0.033640279 0.10574963 0.005 61084.8 2851.2 18230.4 34467.09677 14169.6 0.08611 117.00612
36242 730202 4.52096367 7.232400404 10.75632186 0.011279053 0.014385829 1.795364646 1.806025676 1.62919515 2.133544231 1.3667789287098164 0.007096622 0.006135674 0.370965611 0.017956674 0.105428201 0.001542582 1.139912211 6.396052377 0.053990373 202.608 0.033473198 0.1055 0.005 70156.8 2160 18230.4 34467.09677 14169.6 0.089463 142.884
36243 730203 4.597459552 7.24847639 10.78381367 0.011527995 0.014408731 1.793398697 1.781145535 1.64109158 2.13995372 1.3875148436263212 0.007269032 0.006427958 0.362548876 0.018969787 0.109016968 0.001603161 1.229309082 6.369884904 0.05611063 204.5484 0.033310799 0.10525037 0.005 61084.8 2160 16588.8 34467.09677 14169.6 0.093413 219.72384
36244 730204 4.68538073 7.266873529 10.8115932 0.011811117 0.014435692 1.791115082 1.752715482 1.654637918 2.146260364 1.4079572762606147 0.007461562 0.006760373 0.35297564 0.020122148 0.113098471 0.001673588 1.330980123 6.339627728 0.058575585 206.5014 0.033153925 0.105002963 0.005 50457.6 2160 16588.8 34467.09677 14169.6 0.097906 223.57944
36245 730205 4.783961402 7.287406233 10.83965603 0.012125 0.014466679 1.788526068 1.721035835 1.669675926 2.152462851 1.428567721597053 0.007672121 0.007128906 0.34236119 0.02141318 0.117623438 0.001753504 1.443697917 6.305486873 0.061372653 208.4544 0.033003416 0.10476 0.005 50457.6 2160 16588.8 34467.09677 14169.6 0.10289 240.88428
36246 730206 4.89243577 7.309888916 10.86799775 0.012466227 0.014501658 1.785643922 1.686406907 1.686047363 2.158559872 1.4491827662623848 0.007898623 0.007529544 0.330820815 0.022842306 0.122542593 0.00184255 1.566235046 6.267668364 0.064489249 210.4074 0.032860113 0.104523704 0.005 70156.8 2160 16588.8 34467.09677 14169.6 0.1083 239.70492
36247 730207 5.010038033 7.33413599 10.89661394 0.01283138 0.014540599 1.782480913 1.649129017 1.703593991 2.164550113 1.470412075044898 0.008138978 0.007958272 0.318469804 0.02440895 0.127806665 0.001940365 1.697364095 6.226378225 0.067912789 212.373 0.032724858 0.104296296 0.005 80179.2 2851.2 18230.4 34467.09677 14169.6 0.11409 250.3635339
36248 730208 5.136002391 7.359961866 10.92550018 0.013217041 0.014583467 1.779049309 1.609502478 1.72215757 2.170432265 1.4919463803838031 0.008391097 0.008411079 0.305423443 0.026112535 0.133366379 0.002046591 1.835857646 6.181822482 0.071630689 214.326 0.032598492 0.10408 0.005 61084.8 2851.2 18230.4 34467.09677 14169.6 0.12021 212.30748
36249 730209 5.269563046 7.387180958 10.95465205 0.013619792 0.014630231 1.775361377 1.567827607 1.741579861 2.176205016 1.514231699876727 0.008652894 0.008883952 0.291797023 0.027952484 0.139172461 0.002160868 1.980488281 6.134207158 0.075630364 216.2916 0.032481856 0.103877037 0.005 50457.6 2160 18230.4 34467.09677 14169.6 0.1266 271.66104
36250 730210 5.409954197 7.415607679 10.98406512 0.014036214 0.014680857 1.771429386 1.524404719 1.761702625 2.181867055 1.5395803040480462 0.008922278 0.009372876 0.277705831 0.029928221 0.145175638 0.002282835 2.130028585 6.083738278 0.07989923 218.2572 0.032375791 0.10368963 0.005 50457.6 1555.2 16588.8 34467.09677 14169.6 0.13321 195.02532
36251 730211 5.556410044 7.445056439 11.01373499 0.014462891 0.014735314 1.767265603 1.479534131 1.782367622 2.187417071 1.5693848386958689 0.009197161 0.00987384 0.263265155 0.032039169 0.151326636 0.002412134 2.283251139 6.030621867 0.084424703 220.2228 0.032281139 0.10352 0.005 50457.6 1555.2 16588.8 31584 19008 0.13998 51.4836
36252 730212 5.708164787 7.475341654 11.04365724 0.014896403 0.014793568 1.762882297 1.433516157 1.803416612 2.192853753 1.600247824885673 0.009475456 0.01038283 0.248590285 0.034284752 0.157576181 0.002548406 2.438928528 5.97506395 0.089194197 222.1884 0.03219874 0.10337037 0.005 50457.6 1555.2 16588.8 31584 19008 0.14686 156.3435491
36253 730213 5.864452628 7.506277733 11.07382744 0.015333333 0.014855587 1.758291736 1.386651115 1.824691358 2.198175789 1.6290854177040641 0.009755073 0.010895833 0.233796507 0.036664393 0.163875 0.002691289 2.595833333 5.91727055 0.094195129 224.154 0.032129437 0.103242963 0.005 50457.6 1555.2 16588.8 31584 19008 0.15379 271.50228
36254 730214 6.024507766 7.537679091 11.10424117 0.015770264 0.014921339 1.753506187 1.339239318 1.846033619 2.203381868 1.6536226881134417 0.010033924 0.011408836 0.218999111 0.039177515 0.170173819 0.002840426 2.752738139 5.857447693 0.099414914 226.1196 0.03207407 0.10314 0.005 50457.6 1555.2 16588.8 31584 19008 0.16073 113.4
36255 730215 6.187564401 7.569360139 11.13489402 0.016203776 0.01499079 1.748537919 1.291581085 1.867285156 2.208470679 1.6738342245793834 0.010309921 0.011917826 0.204313384 0.041823541 0.176423364 0.002995456 2.908415527 5.795801404 0.104840968 228.0852 0.032033481 0.103063704 0.005 50457.6 1555.2 16588.8 31584 19008 0.1676 26.1954
36256 730216 6.352856734 7.601135291 11.16578157 0.016630452 0.015063909 1.743399198 1.243976729 1.88828773 2.213440912 1.695866289856595 0.010580974 0.01241879 0.189854616 0.044601896 0.182574362 0.00315602 3.061638082 5.732537706 0.110460706 230.0508 0.03200851 0.103016296 0.005 50457.6 1555.2 16588.8 31584 19008 0.17437 58.49172
36257 730217 6.519618965 7.632818958 11.19689939 0.017046875 0.015140662 1.738102295 1.196726567 1.908883102 2.218291254 1.7332842154965482 0.010844996 0.012907715 0.175738094 0.047512002 0.188577539 0.003321758 3.211178385 5.667862624 0.116261544 232.0038 0.032 0.103 0.005 50457.6 1555.2 16588.8 31584 19008 0.18098 164.33928
36258 730218 6.687085294 7.664225553 11.22824308 0.017449626 0.015221017 1.732659475 1.150130914 1.928913032 2.223020395 1.7759156851902467 0.011099899 0.013380587 0.162079107 0.050553283 0.194383621 0.003492311 3.355809021 5.601982183 0.122230898 233.9694 0.032 0.10304668 0.005 41385.6 2160 18230.4 31584 19008 0.18737 127.21212
36259 730219 6.854489922 7.695169489 11.25980821 0.017835286 0.015304942 1.727083008 1.104490087 1.94821928 2.227627023 1.8135280948494499 0.011343592 0.013833394 0.148992943 0.053725162 0.199943335 0.00366732 3.494302572 5.535102408 0.128356183 235.9224 0.032 0.103182802 0.005 41385.6 1555.2 16588.8 31584 19008 0.19349 37.35396
36260 730220 7.021067048 7.725465178 11.29159036 0.018200439 0.015392403 1.721385162 1.0601044 1.966643609 2.232109828 1.854520251776866 0.011573989 0.014262123 0.13659489 0.057027063 0.205207407 0.003846423 3.62543162 5.467429323 0.134624814 237.8754 0.032 0.103402488 0.005 41385.6 1555.2 14515.2 31584 19008 0.19929 243.9234
36261 730221 7.186050873 7.754927033 11.32358512 0.018541667 0.015483369 1.715578203 1.017274171 1.984027778 2.236467498 1.8971354597699073 0.011789001 0.01466276 0.125000237 0.060458409 0.210126563 0.004029263 3.74796875 5.399168952 0.141024208 239.8158 0.032 0.10369986 0.005 41385.6 1555.2 14515.2 31584 19008 0.2047 178.51428
36262 730222 7.348675598 7.783369466 11.35578806 0.01885555 0.015577806 1.709674401 0.976299713 2.000213548 2.240698722 1.9480100519053554 0.011986538 0.015031293 0.114324272 0.064018623 0.214651529 0.004215479 3.860686544 5.330527321 0.147541779 241.7688 0.032 0.104069041 0.005 50457.6 1555.2 16588.8 31584 19008 0.20968 126.80388
36263 730223 7.508175422 7.810606889 11.38819477 0.019138672 0.015675682 1.703686022 0.937481345 2.015042679 2.244802189 2.001622203615411 0.012164514 0.015363708 0.104682283 0.067707129 0.218733032 0.004404713 3.962357585 5.261710454 0.154164944 243.7092 0.032 0.104504152 0.005 50457.6 2160 18230.4 31584 19008 0.21417 178.0704
36264 730224 7.663784545 7.836453716 11.42080083 0.019387614 0.015776965 1.697625336 0.90111938 2.028356934 2.248776588 2.0539009984918777 0.012320838 0.015655993 0.096189559 0.07152335 0.222321799 0.004596603 4.051754456 5.192924375 0.160881118 245.637 0.032 0.104999316 0.005 55296 2160 18230.4 31584 19008 0.21812 56.40516
36265 730225 7.814737168 7.860724358 11.45360181 0.019598958 0.015881622 1.69150461 0.867514135 2.039998071 2.252620607 2.1000828124657747 0.012453423 0.015904134 0.088961388 0.075466709 0.225368555 0.004790792 4.12764974 5.124375109 0.167677716 247.5648 0.032 0.105548655 0.005 70156.8 2160 18230.4 31584 19008 0.22148 71.9712
36266 730226 7.960267492 7.883233229 11.48659331 0.019769287 0.015989619 1.685336112 0.836965925 2.049807852 2.256332936 2.156786408231662 0.01256018 0.016104118 0.083113058 0.079536631 0.227824026 0.004986919 4.18881602 5.05626868 0.174542154 249.4926 0.032 0.106146292 0.005 91584 2851.2 20649.6 31584 19008 0.22418 218.83932
36267 730227 8.099609716 7.90379474 11.51977089 0.019895182 0.016100925 1.679132111 0.809775067 2.057628038 2.259912263 2.2060443860922785 0.012639021 0.016251933 0.078759858 0.083732537 0.22963894 0.005184624 4.234025879 4.988811114 0.181461849 251.4078 0.032 0.106786347 0.005 55641.6 3542.4 20649.6 31584 19008 0.22618 243.67392
36268 730228 8.231998041 7.922223304 11.55313015 0.019973226 0.016215508 1.672904873 0.786241875 2.063300389 2.263357277 2.2601347460746237 0.012687857 0.016343564 0.076017076 0.088053853 0.230764023 0.005383549 4.2620519 4.922208435 0.188424214 253.3104 0.032 0.107462945 0.005 34041.6 3024 20649.6 31584 19008 0.22742 187.72236
36269 730229 8.356666667 7.938333333 11.58666667 0.02 0.016333333 1.666666667 0.766666667 2.066666667 2.266666667 2.3083332103924987 0.0127046 0.016375 0.075 0.0925 0.23115 0.005583333 4.271666667 4.856666667 0.195416667 255.213 0.032 0.108170206 0.005 34041.6 3888 18230.4 31584 19008 0.22784 273.22596
36270 730230 8.476654109 7.953335712 11.62189108 0.019972605 0.016541512 1.659756314 0.74915282 2.068734512 2.26992946 2.3661476658891845 0.012686954 0.01632784 0.074886104 0.099372261 0.230761812 0.005810243 4.262869324 4.789066885 0.20335851 257.103 0.032 0.108902253 0.005 34041.6 3888 20649.6 31584 19008 0.22769 141.11496
36271 730231 8.595569563 7.96852804 11.66010223 0.019892714 0.016918309 1.651573854 0.731635714 2.070625652 2.273227798 2.429713660514046 0.012635497 0.016190962 0.07477602 0.110733824 0.229628681 0.006087902 4.237269143 4.716409795 0.213076582 258.993 0.032 0.109653209 0.005 34041.6 3024 20649.6 31584 19008 0.22726 216.66204
36272 730232 8.713503251 7.983854801 11.70097801 0.019763769 0.017450426 1.64222338 0.714163666 2.072352979 2.276550044 2.472380080584235 0.01255245 0.015971267 0.074669773 0.126226972 0.227797754 0.006411989 4.196053892 4.639080861 0.2244196 260.8704 0.032 0.110417195 0.005 41990.4 3024 19353.6 31584 19008 0.22656 295.67916
36273 730233 8.830545392 7.99926048 11.74419628 0.019589214 0.018124564 1.631808987 0.696784993 2.073929381 2.279884558 2.5158573365030246 0.012440034 0.015675656 0.074567387 0.145493989 0.225316181 0.006778179 4.140411341 4.557465553 0.237236281 262.7352 0.032 0.111188333 0.005 41990.4 3024 18230.4 31584 19008 0.22562 220.01868
36274 730234 8.946786208 8.014689562 11.78943492 0.01937249 0.018927424 1.62043477 0.679548011 2.07536775 2.283219702 2.5722516145006424 0.012300471 0.015311031 0.074468887 0.168177158 0.222231109 0.007182153 4.071529259 4.471949337 0.251375343 264.5874 0.032 0.111960747 0.005 37843.2 2332.8 18230.4 31584 19008 0.22446 199.2438
36275 730235 9.062315918 8.030086533 11.83637182 0.01911704 0.019845707 1.608204822 0.662501039 2.076680974 2.286543837 2.616274923261065 0.012135981 0.014884293 0.074374299 0.193918763 0.218589687 0.007619586 3.990595415 4.382917679 0.266685501 266.427 0.032 0.112728557 0.005 34041.6 2332.8 18230.4 31584 19008 0.22311 287.89992
36276 730236 9.177224745 8.045395877 11.88468486 0.018826305 0.020866115 1.595223239 0.645692392 2.077881944 2.289845326 2.648167737590585 0.011948787 0.014402344 0.074283647 0.222361086 0.214439063 0.008086156 3.898797578 4.290756047 0.283015475 268.254 0.032 0.113485887 0.005 34041.6 2332.8 18230.4 31584 19008 0.22158 289.03392
36277 730237 9.291602908 8.06056208 11.9340519 0.018503729 0.021975348 1.581594115 0.629170388 2.078983551 2.293112528 2.703769196768489 0.011741109 0.013872085 0.074196956 0.253146413 0.209826385 0.008577542 3.797323518 4.195849909 0.300213979 270.081 0.032 0.114226858 0.005 34041.6 2332.8 16588.8 31584 19008 0.21989 103.82904
36278 730238 9.405540628 8.075529626 11.98415082 0.018152754 0.023160109 1.567421543 0.612983344 2.079998684 2.296333807 2.7584315765758953 0.011515169 0.013300417 0.074114251 0.285917025 0.204798802 0.009089421 3.687361003 4.09858473 0.318129732 271.8954 0.032 0.114945593 0.005 34041.6 2332.8 16588.8 31584 19008 0.21808 64.84212
36279 730239 9.519128125 8.090243 12.03465952 0.017776822 0.024407098 1.552809619 0.597179576 2.080940233 2.299497523 2.8218363781865587 0.011273188 0.012694242 0.074035557 0.320315207 0.199403462 0.00961747 3.570097804 3.999345979 0.336611451 273.6846 0.032 0.115636214 0.005 34041.6 2332.8 16588.8 31584 19008 0.21615 178.12872
36280 730240 9.632455622 8.104646688 12.08525585 0.017379375 0.025703016 1.537862437 0.581807402 2.081821089 2.302592039 2.8807562790131644 0.011017387 0.012060461 0.073960899 0.355983242 0.193687514 0.010157367 3.446721689 3.898519123 0.355507853 275.4738 0.032 0.116292843 0.005 34041.6 2332.8 16588.8 31584 19008 0.21414 157.46724
36281 730241 9.745613337 8.118685175 12.13561771 0.016963855 0.027034566 1.522684091 0.566915138 2.082654141 2.305605714 2.92476430674481 0.010749987 0.011405977 0.073890302 0.392563414 0.187698105 0.01070479 3.318420427 3.796489627 0.374667654 277.2378 0.032 0.116909602 0.005 34041.6 2332.8 16588.8 34467.09677 17280 0.21207 272.0466
36282 730242 9.858691492 8.132302945 12.18542297 0.016533706 0.028388447 1.507378676 0.552551101 2.08345228 2.308526912 2.9731641619479854 0.01047321 0.010737689 0.073823791 0.429698005 0.181482384 0.011255416 3.186381788 3.69364296 0.393939572 278.9892 0.032 0.117480614 0.005 34041.6 2332.8 16588.8 34467.09677 17280 0.20994 106.3692
36283 730243 9.971780308 8.145444483 12.2343495 0.016092369 0.029751361 1.492050287 0.538763608 2.084228395 2.311343993 3.008025017219836 0.010189278 0.0100625 0.07376139 0.467029299 0.1750875 0.011804924 3.051793541 3.590364589 0.413172324 280.7406 0.032 0.118 0.005 34041.6 2332.8 14515.2 34467.09677 17280 0.2078 301.48524
36284 730244 10.08497 8.158054276 12.28207519 0.015643287 0.03111001 1.476803016 0.525600977 2.084995377 2.314045319 3.028122301316645 0.00990041 0.009387311 0.073703124 0.50419958 0.1685606 0.012348989 2.915843455 3.487039981 0.432214628 282.4668 0.032004082 0.118498738 0.005 34041.6 2332.8 14515.2 34467.09677 17280 0.20566 226.61856
36285 730245 10.1983508 8.170076806 12.32827791 0.015189902 0.032451094 1.46174096 0.513111523 2.085766116 2.316619252 3.0656633645606304 0.009608829 0.008719023 0.073649019 0.540851132 0.161948834 0.012883291 2.779719299 3.384054602 0.450915199 284.1678 0.032016037 0.119010753 0.005 34041.6 2332.8 14515.2 34467.09677 17280 0.20353 152.25084
36286 730246 10.31201293 8.181456561 12.37263554 0.014735657 0.033761316 1.446968212 0.501343565 2.086553502 2.319054152 3.0983709621113222 0.009316756 0.008064539 0.073599099 0.576626237 0.155299349 0.013403507 2.644608844 3.28179392 0.469122756 285.8688 0.032035428 0.119534589 0.005 34041.6 2332.8 14515.2 34467.09677 17280 0.20146 232.53804
36287 730247 10.42604659 8.192138024 12.41482596 0.014283993 0.035027375 1.432588866 0.490345418 2.087370424 2.321338382 3.130739255882243 0.009026412 0.007430758 0.07355339 0.611167179 0.148659293 0.013905315 2.511699856 3.180643402 0.486686016 287.5446 0.032061817 0.120068788 0.005 34041.6 2332.8 14515.2 34467.09677 17280 0.19945 97.27452
36288 730248 10.54054202 8.20206568 12.45452705 0.013838353 0.036235974 1.418707018 0.480165401 2.088229774 2.323460303 3.1646327496482347 0.008740018 0.006824583 0.073511915 0.644116241 0.142075815 0.014384391 2.382180107 3.080988515 0.503453694 289.2078 0.032094766 0.120611896 0.005 34041.6 2332.8 14515.2 34467.09677 17280 0.19752 145.19736
36289 730249 10.65558943 8.211184016 12.49141668 0.01340218 0.037373813 1.405426761 0.470851829 2.089144441 2.325408277 3.1859130779200164 0.008459796 0.006252915 0.073474701 0.675115708 0.135596064 0.014836415 2.257237366 2.983214727 0.51927451 290.8458 0.032133839 0.121162454 0.005 34041.6 2332.8 14515.2 34467.09677 17280 0.19571 215.25588
36290 730250 10.77127905 8.219437515 12.52517273 0.012978916 0.038427594 1.392852191 0.46245302 2.090127315 2.327170664 3.1890816925926506 0.008187967 0.005722656 0.073441771 0.703807862 0.129267188 0.015257062 2.1380594 2.887707503 0.533997179 292.4712 0.032178597 0.121719008 0.005 34041.6 2332.8 18230.4 34467.09677 17280 0.19402 243.42444
36291 730251 10.88770109 8.226770662 12.55547308 0.012572002 0.039384018 1.3810874 0.45501729 2.091191286 2.328735827 3.175533483070311 0.007926752 0.005240707 0.073413151 0.729834987 0.123136334 0.015642012 2.025833981 2.794852312 0.547470419 294.084 0.032228605 0.122280101 0.005 29376 2332.8 16243.2 34467.09677 17280 0.19249 284.5206
36292 730252 11.00494579 8.233127944 12.58199561 0.012184882 0.040229786 1.370236485 0.448592957 2.092349245 2.330092127 3.164008140882838 0.007678372 0.004813969 0.073388866 0.752839367 0.117250651 0.015986941 1.921748876 2.70503462 0.559542946 295.6716 0.032283423 0.122844276 0.005 29376 2332.8 16243.2 34467.09677 17280 0.19114 240.20388
36293 730253 11.12310334 8.238453844 12.6044182 0.011820998 0.0409516 1.360403539 0.443228338 2.093614081 2.331227925 3.163539666229089 0.007445049 0.004449344 0.073368941 0.772463284 0.111657289 0.016287528 1.826991856 2.618639895 0.570063479 297.234 0.032342616 0.123410077 0.005 29376 2332.8 18921.6 34467.09677 17280 0.18998 42.00336
36294 730254 11.24226399 8.242692848 12.62241872 0.011483792 0.04153616 1.351692656 0.438971749 2.094998684 2.332131583 3.142165831620876 0.007229004 0.004153733 0.0733534 0.788349022 0.106403394 0.01653945 1.742750689 2.536053603 0.578880733 298.7838 0.032405744 0.123976048 0.005 29376 2332.8 18921.6 34467.09677 17280 0.18904 68.87916
36295 730255 11.36251795 8.245789441 12.63567505 0.011176707 0.041970168 1.344207931 0.435871507 2.096515945 2.332791463 3.1277492964938527 0.007032459 0.003934038 0.073342268 0.800138866 0.101536115 0.016738384 1.670213144 2.457661212 0.585843427 300.321 0.032472372 0.124540733 0.005 29376 2332.8 18921.6 34467.09677 17280 0.18834 304.45632
36296 730256 11.48395543 8.247688108 12.64386508 0.010903184 0.042240326 1.338053459 0.43397593 2.098178754 2.333195926 3.096159666156873 0.006857633 0.00379716 0.073335571 0.807475097 0.097102601 0.016880008 1.610566992 2.383848189 0.590800277 301.8204 0.032542062 0.125102674 0.005 29376 2332.8 16243.2 34467.09677 17280 0.18791 243.4698
36297 730257 11.60666667 8.248333333 12.64666667 0.010666667 0.042333333 1.333333333 0.433333333 2.1 2.333333333 3.060474659492129 0.00670675 0.00375 0.073333333 0.81 0.09315 0.01696 1.565 2.315 0.5936 303.3072 0.032614375 0.125660417 0.005 29376 2332.8 18921.6 34467.09677 17280 0.18776 307.4274
36298 730258 11.73516075 8.247654732 12.64308689 0.010448204 0.042327542 1.329530724 0.433582362 2.102269193 2.332337221 3.0270622760732673 0.006567605 0.006965732 0.074454126 0.807772681 0.089403594 0.017007039 1.527059497 2.248590084 0.59524635 304.7688 0.032688876 0.126212503 0.005 29376 2332.8 16243.2 34467.09677 17280 0.18795 236.108294
36299 730259 11.87317258 8.245685131 12.63269679 0.010227083 0.042310396 1.326043262 0.434305151 2.105228377 2.329446064 2.994209377173609 0.006426851 0.016299198 0.077709039 0.801296924 0.08556855 0.017052669 1.489548761 2.181935048 0.596843406 306.2178 0.032765126 0.126757478 0.005 29376 2332.8 16243.2 34467.09677 17280 0.18849 280.34748
36300 730260 12.01963107 8.24252384 12.61602026 0.010004106 0.042282237 1.322846736 0.435465258 2.108819242 2.324805637 2.950913199028784 0.006284991 0.031279804 0.082936877 0.790882032 0.081661839 0.017096868 1.45253949 2.115185116 0.598390367 307.6416 0.032842688 0.127293885 0.005 34041.6 2332.8 16243.2 34467.09677 17280 0.18937 321.55704
36301 730261 12.17346514 8.238270165 12.59358115 0.009780071 0.042243408 1.319916933 0.437026239 2.112983479 2.31856171 2.906891067839923 0.006142528 0.051436953 0.089976443 0.776837308 0.077700437 0.017139613 1.416103383 2.048490512 0.599886438 309.0276 0.032921126 0.127820267 0.005 50803.2 3024 18921.6 34467.09677 17280 0.19054 280.665
36302 730262 12.33360369 8.233023415 12.56590333 0.009555779 0.042194251 1.317229641 0.438951652 2.117662779 2.310860058 2.8634533653374348 0.005999966 0.076300052 0.098666539 0.759472053 0.073701317 0.017180881 1.380312136 1.982001459 0.601330818 310.401 0.033 0.128335168 0.005 41990.4 3888 21513.6 34467.09677 17280 0.192 280.46088
36303 730263 12.49897565 8.226882896 12.53351069 0.009332031 0.042135108 1.314760648 0.441205053 2.122798834 2.301846453 2.815668280140997 0.005857808 0.105398506 0.108845971 0.73909557 0.06968145 0.017220649 1.345237448 1.915868182 0.602722712 311.7492 0.033078874 0.128837132 0.005 41990.4 3024 18921.6 34467.09677 17280 0.19369 315.20664
36304 730264 12.66850993 8.219947917 12.49692708 0.009109626 0.042066321 1.31248574 0.44375 2.128333333 2.291666667 2.769207373225864 0.005716558 0.138261719 0.12035354 0.716017161 0.065657813 0.017258895 1.310951016 1.850240904 0.604061321 313.0722 0.033157312 0.129324703 0.005 34041.6 2332.8 16243.2 34467.09677 17280 0.19561 275.65272
36305 730265 12.84113544 8.212317784 12.45667638 0.008889365 0.041988232 1.310380707 0.446550049 2.134207969 2.280466472 2.7166013208969915 0.005576718 0.174419096 0.133028051 0.690546129 0.061647376 0.017295596 1.277524539 1.785269849 0.605345846 314.37 0.033234874 0.129796423 0.005 34041.6 2332.8 16243.2 34467.09677 17280 0.19772 330.15276
36306 730266 13.0157811 8.204091806 12.41328246 0.008672048 0.041901184 1.308421336 0.449568756 2.140364431 2.268391642 2.66665311473592 0.005438793 0.213400043 0.146708307 0.662991775 0.057667115 0.017330728 1.245029714 1.721105239 0.60657549 315.6426 0.033311124 0.130250838 0.005 34041.6 2332.8 16243.2 34467.09677 17280 0.2 290.59884
36307 730267 13.19137583 8.195369291 12.36726919 0.008458475 0.041805518 1.306583414 0.452769679 2.146744412 2.255587949 2.617000565962775 0.005303286 0.254733965 0.161233112 0.633663402 0.053734001 0.01736427 1.213538239 1.6578973 0.607749455 316.89 0.033385625 0.13068649 0.005 34041.6 2332.8 16243.2 34467.09677 17280 0.20241 297.7884
36308 730268 13.36684853 8.186249544 12.31916044 0.008249447 0.041701576 1.304842729 0.456116375 2.153289602 2.242201166 2.582060236191932 0.005170699 0.297950266 0.176441268 0.602870312 0.04986501 0.017396198 1.183121811 1.595796255 0.608866942 318.1122 0.033457938 0.131101922 0.005 34041.6 2332.8 16243.2 34467.09677 17280 0.20494 192.213
36309 730269 13.54112812 8.176831876 12.26948008 0.008045763 0.041589702 1.303175069 0.4595724 2.159941691 2.228377065 2.536570272690598 0.005041538 0.342578353 0.19217158 0.570921808 0.046077114 0.01742649 1.153852129 1.534952327 0.609927155 319.2966 0.033527628 0.13149568 0.005 34041.6 2332.8 16243.2 34467.09677 17280 0.20754 342.28656
36310 730270 13.71314352 8.167215592 12.21875197 0.007848224 0.041470237 1.301556221 0.463101312 2.166642371 2.214261419 2.473797361447019 0.004916304 0.388147629 0.208262851 0.538127191 0.042387286 0.017455123 1.12580089 1.475515741 0.610929294 320.4684 0.033594256 0.131866306 0.005 34041.6 2332.8 16243.2 34467.09677 17280 0.2102 364.17276
36311 730271 13.88182364 8.1575 12.1675 0.007657631 0.041343523 1.299961974 0.466666667 2.173333333 2.2 2.4157430812826406 0.004795502 0.4341875 0.224553885 0.504795764 0.0388125 0.017482073 1.099039792 1.417636719 0.611872563 321.6024 0.033657384 0.132212345 0.005 34041.6 2332.8 16243.2 34467.09677 17280 0.21289 305.56764
36312 730272 14.0460974 8.147784408 12.11624803 0.007474782 0.041209902 1.298368115 0.470232021 2.179956268 2.185738581 2.3779072794767635 0.004679634 0.480227371 0.240883484 0.471236829 0.035369729 0.017507319 1.073640533 1.361465486 0.612756162 322.7112 0.033716577 0.132532339 0.005 34041.6 1814.4 16243.2 34560 19872 0.21558 179.9730383
36313 730273 14.20489371 8.138168124 12.06551992 0.007300479 0.041069716 1.296750432 0.473760933 2.186452867 2.171622935 2.332750217106319 0.004569204 0.525796647 0.257090452 0.437759689 0.032075948 0.017530837 1.049674811 1.307152265 0.613579295 323.7822 0.033771395 0.132824832 0.005 34041.6 1814.4 16243.2 34560 19872 0.21824 355.14612
36314 730274 14.35714148 8.128750456 12.01583956 0.007135521 0.040923308 1.295084712 0.477216958 2.19276482 2.157798834 2.281584459638692 0.004464716 0.570424734 0.273013593 0.404673646 0.028948128 0.017552605 1.027214323 1.25484728 0.614341162 324.8406 0.033821403 0.133088369 0.005 34041.6 1814.4 16243.2 34560 19872 0.22084 256.851
36315 730275 14.50176964 8.119630709 11.96773081 0.00698071 0.04077102 1.293346743 0.480563654 2.198833819 2.144412051 2.2535704037237663 0.004366673 0.613641035 0.28849171 0.372288001 0.026003243 0.017572599 1.006330768 1.204700755 0.615040967 325.8612 0.033866161 0.133321492 0.005 25574.4 2332.8 16243.2 34560 19872 0.22337 89.29116
36316 730276 14.63770709 8.110908194 11.92171754 0.006836845 0.040613194 1.291512313 0.483764577 2.204601555 2.131608358 2.2253895402646147 0.004275578 0.654974957 0.303363607 0.340912058 0.023258268 0.017590797 0.987095842 1.156862913 0.615677911 326.844 0.033905234 0.133522746 0.005 25574.4 2332.8 11145.6 34560 19872 0.22578 258.62004
36317 730277 14.76388275 8.102682216 11.87832362 0.006704726 0.040450172 1.28955721 0.486783285 2.210009718 2.119533528 2.1873585458975775 0.004191935 0.693955904 0.317468087 0.310855118 0.020730175 0.017607177 0.969581244 1.111483978 0.616251195 327.8016 0.033938183 0.133690674 0.005 25574.4 2332.8 11145.6 34560 19872 0.22806 236.93796
36318 730278 14.87922553 8.095052083 11.83807292 0.006585153 0.040282296 1.287457221 0.489583333 2.215 2.108333333 2.1454258642985526 0.004116247 0.730113281 0.330643954 0.282426484 0.018435938 0.017621715 0.953858672 1.068714174 0.616760024 328.7214 0.033964572 0.13382382 0.005 25574.4 2332.8 11145.6 34560 19872 0.23017 273.6342
36319 730279 14.98266436 8.088117104 11.80148931 0.006478927 0.040109909 1.285188134 0.49212828 2.219514091 2.098153547 2.1053522291139073 0.004049017 0.762976494 0.34273001 0.255935459 0.016392529 0.017634388 0.939999823 1.028703725 0.617203597 329.616 0.033983963 0.133920727 0.005 34041.6 2332.8 11145.6 34560 19872 0.23209 168.0588
36320 730280 15.07312813 8.081976585 11.76909667 0.006386849 0.039933352 1.282725737 0.494381681 2.223493683 2.089139942 2.0701982713547853 0.003990749 0.792074948 0.35356506 0.231691343 0.014616923 0.017645175 0.928076396 0.991602853 0.617581117 330.4854 0.033995918 0.133979939 0.005 34041.6 2332.8 11145.6 34560 19872 0.23378 253.87992
36321 730281 15.14954578 8.076729835 11.74141885 0.006309717 0.039752967 1.280045817 0.496307094 2.226880466 2.08143829 2.035088937011631 0.003941947 0.816938047 0.362987907 0.21000344 0.013126093 0.017654051 0.918160088 0.957561784 0.617891787 331.3044 0.034 0.134 0.005 34041.6 2332.8 11145.6 34560 19872 0.23524 216.20844
36322 730282 15.2108462 8.07247616 11.71897974 0.006248333 0.039569098 1.277124162 0.497868076 2.229616132 2.075194363 2.0023682746497586 0.003903113 0.837095196 0.370837354 0.191181052 0.011937013 0.017660995 0.910322596 0.92673074 0.618134808 332.0982 0.033973852 0.133895408 0.005 41990.4 2332.8 11145.6 34560 19872 0.23641 243.42444
36323 730283 15.25595833 8.069314869 11.70230321 0.006203496 0.039382085 1.273936561 0.499028183 2.231642371 2.070553936 1.9753399756988876 0.003874752 0.852075802 0.376952206 0.175533481 0.011066655 0.017665982 0.904635619 0.899259946 0.618309383 332.8668 0.033897959 0.133591837 0.005 34041.6 2332.8 11145.6 34560 19872 0.23729 95.57352
36324 730284 15.28381107 8.067345268 11.69191311 0.006176007 0.039192272 1.270458799 0.499750972 2.232900875 2.067662779 1.9523837084716569 0.003857366 0.861409268 0.381171264 0.16337003 0.010531993 0.017668992 0.901170854 0.875299625 0.618414713 333.585 0.033776148 0.133104592 0.005 41990.4 2332.8 16243.2 34560 19872 0.23783 145.35612
36325 730285 15.29333333 8.066666667 11.68833333 0.006166667 0.039 1.266666667 0.5 2.233333333 2.066666667 1.9304575709959388 0.003851458 0.864625 0.383333333 0.155 0.01035 0.01767 0.9 0.855 0.61845 334.278 0.033612245 0.13244898 0.005 34041.6 1814.4 16243.2 34560 19872 0.23802 66.08952
36326 730286 15.29333333 8.066666667 11.68833333 0.006186286 0.038777946 1.261965665 0.499759767 2.231972012 2.075395141 1.8996559809098363 0.003861073 0.863430726 0.384371368 0.148688302 0.010540625 0.017652503 0.900464451 0.837062505 0.61783762 334.9332 0.033410077 0.131640306 0.005 34041.6 1814.4 13564.8 34560 19872 0.23751 287.1288
36327 730287 15.29333333 8.066666667 11.68833333 0.006243619 0.038500595 1.255831872 0.499057726 2.22799378 2.100902624 1.857164381363222 0.003889169 0.859930453 0.385328917 0.142496169 0.011097694 0.017601206 0.90182173 0.820057171 0.616042205 335.5506 0.033173469 0.130693878 0.005 34041.6 1814.4 11145.6 34560 19872 0.236 332.7032291
36328 730288 15.29333333 8.066666667 11.68833333 0.006336381 0.038171005 1.248346933 0.497921866 2.22155724 2.142172206 1.8275604497508173 0.003934626 0.854248002 0.386210673 0.136427385 0.011998999 0.017517896 0.904017726 0.803937119 0.613126343 336.1428 0.03290625 0.129625 0.005 34041.6 1296 11145.6 34560 19872 0.23356 97.55424
36329 730289 15.29333333 8.066666667 11.68833333 0.006462286 0.037792232 1.239592496 0.496380175 2.212820991 2.198186978 1.797811518597631 0.003996325 0.846507194 0.387021333 0.130485734 0.013222331 0.017404361 0.906998328 0.788655469 0.609152622 336.6846 0.032612245 0.12844898 0.005 34041.6 1814.4 11145.6 34560 19872 0.23025 375.73956
36330 730290 15.29333333 8.066666667 11.68833333 0.006619048 0.037367333 1.229650207 0.494460641 2.201943635 2.267930029 1.7502938526248275 0.004073146 0.83683185 0.387765589 0.124675 0.014745481 0.017262389 0.910709427 0.774165343 0.604183631 337.1886 0.032295281 0.127181122 0.005 34041.6 1296 13564.8 34560 19872 0.22612 367.4902255
36331 730291 15.29333333 8.066666667 11.68833333 0.006804381 0.036899365 1.218601714 0.492191254 2.189083771 2.350384451 1.7057697477789922 0.004163968 0.825345792 0.388448137 0.118998968 0.01654624 0.01709377 0.91509691 0.760419862 0.598281957 337.6674 0.031959184 0.125836735 0.005 34041.6 1814.4 13564.8 34560 19872 0.22124 336.1838011
36332 730292 15.29333333 8.066666667 11.68833333 0.007016 0.036391384 1.206528664 0.4896 2.1744 2.444533333 1.6779399232299153 0.004267671 0.812172842 0.389073671 0.113461422 0.0186024 0.016900291 0.920106667 0.747372147 0.591510189 338.0958 0.031607781 0.124431122 0.005 41990.4 2332.8 13564.8 34560 19872 0.21566 213.1186519
36333 730293 15.29333333 8.066666667 11.68833333 0.007251619 0.035846448 1.193512704 0.486714869 2.158050923 2.549359767 1.6604034719798342 0.004383135 0.797436821 0.389646885 0.108066147 0.020891752 0.01668374 0.925684587 0.734975318 0.583930914 338.4864 0.031244898 0.122979592 0.005 41990.4 1296 13564.8 34560 19872 0.20944 262.38492
36334 730294 15.29333333 8.066666667 11.68833333 0.007508952 0.035267613 1.179635481 0.483563848 2.140195141 2.663846842 1.6399535256367186 0.00450924 0.781261549 0.390172473 0.102816926 0.023392086 0.016445906 0.93177656 0.723182496 0.575606721 338.8392 0.030874362 0.121497449 0.005 34041.6 864 11145.6 34560 19872 0.20264 278.14752
36335 730295 15.29333333 8.066666667 11.68833333 0.007785714 0.034657935 1.164978642 0.480174927 2.120991254 2.786977648 1.6214252956320636 0.004644866 0.76377085 0.390655131 0.097717545 0.026081195 0.016188577 0.938328474 0.711946803 0.566600198 339.1542 0.0305 0.12 0.005 29376 864 11145.6 34560 19872 0.19531 252.92736
36336 730296 15.29333333 8.066666667 11.68833333 0.008079619 0.034020473 1.149623833 0.476576093 2.100597862 2.917735277 1.5929170767667333 0.004788893 0.745088543 0.391099551 0.092771788 0.02893687 0.015913541 0.94528622 0.70122136 0.556973933 339.4314 0.030125638 0.118502551 0.005 25574.4 864 11145.6 34560 19872 0.18753 419.4334523
36337 730297 15.29333333 8.066666667 11.68833333 0.008388381 0.033358281 1.133652703 0.472795335 2.079173567 3.055102818 1.5589082809409365 0.0049402 0.72533845 0.39151043 0.087983438 0.031936901 0.015622586 0.952595685 0.690959286 0.546790514 339.6582 0.029755102 0.117020408 0.005 25574.4 864 11145.6 34560 19872 0.17933 347.70708
36338 730298 15.29333333 8.066666667 11.68833333 0.008709714 0.032674418 1.117146898 0.468860641 2.056876968 3.198063362 1.5294763432802954 0.005097668 0.704644393 0.39189246 0.083356281 0.035059081 0.015317501 0.96020276 0.681113705 0.536112529 339.8598 0.029392219 0.115568878 0.005 25574.4 864 8899.2 34560 19872 0.17079 365.9220153
36339 730299 15.29333333 8.066666667 11.68833333 0.009041333 0.03197194 1.100188064 0.4648 2.033866667 3.3456 1.5062960829714545 0.005260177 0.683130193 0.392250336 0.0788941 0.0382812 0.015000073 0.968053333 0.671637735 0.525002566 340.011 0.029040816 0.114163265 0.005 25574.4 864 8899.2 34560 19872 0.16196 324.5919405
36340 730300 15.29333333 8.066666667 11.68833333 0.009380952 0.031253903 1.08285785 0.460641399 2.010301263 3.496695821 1.487513455111149 0.005426606 0.660919672 0.392588754 0.07460068 0.04158105 0.014672092 0.976093294 0.662484498 0.513523214 340.1118 0.028704719 0.112818878 0.005 25574.4 864 8899.2 34560 19872 0.15291 336.32172
36341 730301 15.29333333 8.066666667 11.68833333 0.009726286 0.030523365 1.065237902 0.456412828 1.986339359 3.650333916 1.493793743241026 0.005595835 0.638136651 0.392912407 0.070479806 0.044936421 0.014335345 0.984268533 0.653607116 0.50173706 340.1748 0.028387755 0.11155102 0.005 25574.4 864 11145.6 34560 19872 0.14368 85.4455814
36342 730302 15.29333333 8.066666667 11.68833333 0.010075048 0.029783382 1.047409867 0.452142274 1.962139553 3.805497376 1.5113515755149998 0.005766744 0.61490495 0.393225989 0.066535261 0.048325106 0.01399162 0.992524937 0.644958709 0.489706692 340.2 0.02809375 0.110375 0.005 25574.4 1036.8 11145.6 34560 20736 0.13433 238.66164
36343 730303 15.29333333 8.066666667 11.68833333 0.010424952 0.02903701 1.029455392 0.447857726 1.937860447 3.961169291 1.532687920779256 0.005938214 0.591348393 0.393534195 0.06277083 0.051724894 0.013642706 1.000808397 0.636492397 0.477494699 340.1748 0.027826531 0.109306122 0.005 25574.4 691.2 11145.6 34560 20736 0.12494 99.06624
36344 730304 15.29333333 8.066666667 11.68833333 0.010773714 0.028287308 1.011456124 0.443587172 1.913660641 4.11633275 1.5599060780463696 0.006109123 0.567590799 0.393841719 0.059190298 0.055113579 0.013290391 1.009064801 0.628161303 0.465163669 340.1118 0.027589923 0.108359694 0.005 25574.4 691.2 11145.6 34560 20736 0.11554 114.9876
36345 730305 15.29333333 8.066666667 11.68833333 0.011119048 0.027537331 0.993493711 0.439358601 1.889698737 4.269970845 1.5897191676479787 0.006278352 0.543755991 0.394153256 0.055797449 0.05846895 0.012936463 1.017240039 0.619918547 0.45277619 340.011 0.027387755 0.10755102 0.005 25574.4 691.2 11145.6 34560 20736 0.10622 183.07296
36346 730306 15.29333333 8.066666667 11.68833333 0.011458667 0.026790136 0.975649799 0.4352 1.866133333 4.421066667 1.6059371451943791 0.006444781 0.51996779 0.3944735 0.052596067 0.0617688 0.01258271 1.02528 0.61171725 0.440394849 339.8598 0.027223852 0.106895408 0.005 22118.4 691.2 11145.6 34560 20736 0.097007 285.768
36347 730307 15.29333333 8.066666667 11.68833333 0.011790286 0.026048781 0.958006035 0.431139359 1.843123032 4.568603304 1.611776524935216 0.00660729 0.496350017 0.394807145 0.049589936 0.064990919 0.012230921 1.033130573 0.603510532 0.428082236 339.6708 0.027102041 0.106408163 0.005 18835.2 691.2 11145.6 34560 20736 0.087978 285.22368
36348 730308 15.29333333 8.066666667 11.68833333 0.012111619 0.025316321 0.940644066 0.427204665 1.820826433 4.711563848 1.6212815616333642 0.006764758 0.473026494 0.395158886 0.046782841 0.068113099 0.011882884 1.040737648 0.595251515 0.415900937 339.4314 0.027026148 0.106104592 0.005 18835.2 691.2 11145.6 34560 20736 0.079188 265.87764
36349 730309 15.29333333 8.066666667 11.68833333 0.012420381 0.024595813 0.92364554 0.423423907 1.799402138 4.84893139 1.6338061598529172 0.006916065 0.450121041 0.395533417 0.044178566 0.07111313 0.011540387 1.048047114 0.58689332 0.403913542 339.1668 0.027 0.106 0.005 18835.2 691.2 11145.6 34560 20736 0.070695 277.9434
36350 730310 15.29333333 8.066666667 11.68833333 0.012714286 0.023890315 0.907092103 0.419825073 1.779008746 4.979689018 1.6473743840018267 0.007060092 0.427757481 0.395935433 0.041780896 0.073968805 0.011205218 1.055004859 0.578389068 0.392182638 338.8518 0.027060736 0.106009344 0.005 22118.4 691.2 11145.6 34560 20736 0.062557 273.7476
36351 730311 15.29333333 8.066666667 11.68833333 0.012991048 0.023202883 0.891065403 0.416436152 1.759804859 5.102819825 1.6594708670153382 0.007195718 0.406059635 0.396369627 0.039593614 0.076657914 0.010879166 1.061556774 0.569691879 0.380770814 338.499 0.027236288 0.106036352 0.005 29376 1036.8 13564.8 34560 20736 0.054833 292.0741463
36352 730312 15.29333333 8.066666667 11.68833333 0.013248381 0.022536574 0.875647086 0.413285131 1.741949077 5.2173069 1.662524518211613 0.007321824 0.385151324 0.396840695 0.037620506 0.079158248 0.010564019 1.067648746 0.560754875 0.369740657 338.1084 0.027516672 0.106079488 0.005 41990.4 691.2 13564.8 34560 20736 0.047581 342.2267234
36353 730313 15.29333333 8.066666667 11.68833333 0.013484 0.021894444 0.8609188 0.4104 1.7256 5.322133333 1.6574112950126954 0.007437288 0.365156369 0.397353331 0.035865356 0.0814476 0.010261564 1.073226667 0.551531176 0.359154755 337.68 0.027891904 0.106137216 0.005 41990.4 691.2 11145.6 34560 20736 0.04086 352.26576
36354 730314 15.29333333 8.066666667 11.68833333 0.013695619 0.021279551 0.846962191 0.407808746 1.710916229 5.416282216 1.6543976032749865 0.007540991 0.346198592 0.397912228 0.034331947 0.08350376 0.009973591 1.078236424 0.541973904 0.349075697 337.2138 0.028352 0.106208 0.005 34041.6 691.2 11145.6 34560 20736 0.034729 332.08056
36355 730315 15.29333333 8.066666667 11.68833333 0.013880952 0.020694951 0.833858907 0.405539359 1.698056365 5.498736638 1.6694381383185188 0.007631813 0.328401815 0.398522082 0.033024065 0.085304519 0.009701888 1.082623907 0.532036179 0.339566071 336.7098 0.028886976 0.106290304 0.005 29376 691.2 11145.6 34560 20736 0.029246 264.7761809
36356 730316 15.29333333 8.066666667 11.68833333 0.014037714 0.020143701 0.821690594 0.403619825 1.687179009 5.568479689 1.7185977146402271 0.007708633 0.311889858 0.399187587 0.031945493 0.086827669 0.009448242 1.086335005 0.521671123 0.330688465 336.168 0.029486848 0.106382592 0.005 29376 691.2 11145.6 34560 20736 0.02447 76.93899907
36357 730317 15.29333333 8.066666667 11.68833333 0.014163619 0.019628857 0.8105389 0.402078134 1.67844276 5.624494461 1.7679943250076802 0.007770332 0.296786544 0.399913436 0.031100016 0.088051001 0.009214442 1.089315607 0.510831856 0.322505466 335.5884 0.030141632 0.106483328 0.005 29376 691.2 11145.6 34560 20736 0.020458 293.00292
36358 730318 15.29333333 8.066666667 11.68833333 0.014256381 0.019153477 0.800485472 0.400942274 1.67200622 5.665764043 1.8006345311560648 0.00781579 0.283215693 0.400704326 0.030491419 0.088952306 0.009002276 1.091511603 0.499471499 0.315079664 334.971 0.030841344 0.106590976 0.005 29376 691.2 11145.6 34560 20736 0.017271 217.3256765
36359 730319 15.29333333 8.066666667 11.68833333 0.014313714 0.018720617 0.791611956 0.400240233 1.668027988 5.691271526 1.8620304014790956 0.007843886 0.271301127 0.401564949 0.030123485 0.089509375 0.008813533 1.092868882 0.487543173 0.308473646 334.3158 0.031576 0.106704 0.005 29376 691.2 11145.6 34560 20736 0.014965 139.3227574
36360 730320 15.29333333 8.066666667 11.68833333 0.014333333 0.018333333 0.784 0.4 1.666666667 5.7 1.9342922421369548 0.0078535 0.261166667 0.4025 0.03 0.0897 0.00865 1.093333333 0.475 0.30275 333.6354 0.032335616 0.106820864 0.005 29376 691.2 11145.6 34560 20736 0.0136 103.3074
36361 730321 15.31160578 8.068509475 11.6947382 0.014317769 0.017972612 0.77730089 0.400498056 1.667107021 5.694023324 1.9818674859929704 0.007849627 0.252058894 0.40377283 0.034603909 0.089687113 0.008498878 1.09110224 0.461411472 0.297460725 332.9172 0.033110208 0.106940032 0.005 29376 432 8899.2 34560 20736 0.012735 322.55496
36362 730322 15.36464043 8.073858115 11.71333934 0.014272595 0.017617498 0.771085322 0.401943635 1.668394342 5.676676385 2.000244485498921 0.007838388 0.243142425 0.405612791 0.047966472 0.089649708 0.008346513 1.084607531 0.446471221 0.29212796 332.1612 0.033889792 0.107059968 0.005 29376 432 8899.2 34560 20736 0.011893 246.71304
36363 730323 15.44976327 8.082442906 11.74321656 0.014200088 0.017268137 0.765314062 0.404263848 1.670478013 5.648833819 2.0434765631732246 0.007820347 0.234418138 0.407973583 0.069413949 0.089589673 0.008193414 1.074147067 0.43031857 0.286769506 331.3674 0.034664384 0.107179136 0.005 29376 432 8899.2 34560 20736 0.011072 228.02472
36364 730324 15.56430029 8.093994169 11.78344969 0.014102527 0.016924676 0.759947872 0.407385811 1.673307418 5.611370262 2.076542720442434 0.007796073 0.225886907 0.410808904 0.098272595 0.089508892 0.00804009 1.060018703 0.413092847 0.281403164 330.5484 0.035424 0.107296 0.005 83635.2 1555.2 16243.2 34560 20736 0.010275 294.6132
36365 730325 15.70557747 8.108242225 11.83311854 0.013982188 0.016587263 0.754947517 0.411236638 1.676831943 5.56516035 2.0990014607512464 0.007766132 0.217549611 0.414072455 0.133868668 0.089409252 0.007887049 1.0425203 0.394933376 0.276046732 329.6916 0.036158656 0.107409024 0.005 41990.4 1036.8 13564.8 34560 20736 0.0095013 263.70036
36366 730326 15.8709208 8.124917396 11.89130291 0.013841351 0.016256044 0.75027376 0.41574344 1.681000972 5.511078717 2.1264533747142615 0.00773109 0.209407125 0.417717934 0.175528426 0.089292638 0.0077348 1.021949715 0.375979483 0.270718013 328.8096 0.036858368 0.107516672 0.005 34041.6 691.2 13564.8 34560 20736 0.0087525 269.4763758
36367 730327 16.05765625 8.14375 11.95708264 0.013682292 0.015931165 0.745887366 0.420833333 1.685763889 5.45 2.1570005154141403 0.007691514 0.201460325 0.42169904 0.222578125 0.089160938 0.007583852 0.998604807 0.356370494 0.265434805 327.8898 0.037513152 0.107617408 0.005 34041.6 691.2 11145.6 34560 20736 0.008029 256.1706
36368 730328 16.26310982 8.16447036 12.02953752 0.013507289 0.015612774 0.741749098 0.426433431 1.691070079 5.382798834 2.1758764167875926 0.007647972 0.193710089 0.425969472 0.274344023 0.089016035 0.007434712 0.972783433 0.336245734 0.26021491 326.9322 0.038113024 0.107709696 0.005 34041.6 691.2 11145.6 34560 20736 0.0073316 308.87892
36369 730329 16.48460748 8.186808795 12.10774738 0.013318619 0.015301017 0.73781972 0.432470845 1.696868926 5.310349854 2.196626394288706 0.007601029 0.186157292 0.43048293 0.330152378 0.088859817 0.007287889 0.944783453 0.315744529 0.255076127 325.962 0.038648 0.107792 0.005 34041.6 691.2 11145.6 34560 20736 0.0066611 255.28608
36370 730330 16.71947522 8.210495627 12.19079203 0.013118562 0.014996041 0.734059997 0.438872692 1.703109815 5.233527697 2.2340736706896176 0.007551253 0.178802811 0.435193113 0.389329446 0.088694169 0.007143893 0.914902723 0.295006204 0.250036257 324.9414 0.039108096 0.107862784 0.005 34041.6 691.2 11145.6 34560 20736 0.0060182 236.380032
36371 730331 16.96503902 8.235261176 12.27775128 0.012909393 0.014697993 0.730430691 0.445566084 1.709742131 5.153206997 2.2702857736012865 0.007499209 0.171647522 0.440053719 0.451201485 0.088520978 0.007003231 0.883439104 0.274170085 0.2451131 323.9082 0.039483328 0.107920512 0.005 29376 691.2 11145.6 34560 20736 0.0054036 259.4592
36372 730332 17.21862488 8.260835763 12.36770495 0.012693392 0.014407019 0.726892567 0.452478134 1.716715258 5.070262391 2.300869214306991 0.007445466 0.164692302 0.445018449 0.515094752 0.088342128 0.006866413 0.850690452 0.253375497 0.240324456 322.8372 0.039763712 0.107963648 0.005 29376 691.2 11145.6 34560 20736 0.004818 273.56616
36373 730333 17.47755876 8.286949708 12.45973286 0.012472835 0.014123267 0.723406389 0.459535957 1.72397858 4.985568513 2.3441518660272775 0.007390589 0.157938028 0.450041 0.580335505 0.088159507 0.006733946 0.816954626 0.232761766 0.235688126 321.7284 0.039939264 0.107990656 0.005 13046.4 691.2 11145.6 34467.09677 20736 0.0042622 202.57776
36374 730334 17.73916667 8.313333333 12.55291481 0.01225 0.013846882 0.719932921 0.466666667 1.731481481 4.9 2.3736339063415786 0.007335146 0.151385575 0.455075073 0.64625 0.087975 0.00660634 0.782529485 0.212468217 0.23122191 320.607 0.04 0.108 0.005 29376 691.2 11145.6 34467.09677 20736 0.0037369 301.09968
36375 730335 18.00077457 8.339716958 12.64633063 0.012027165 0.013578013 0.716432926 0.473797376 1.739173348 4.814431487 2.410219859830968 0.007279702 0.145035821 0.460074366 0.712164495 0.087790493 0.006484103 0.747712886 0.192634177 0.226943608 319.4478 0.039980781 0.107980781 0.005 29376 691.2 11145.6 34467.09677 20736 0.0032429 193.07484
36376 730336 18.25970845 8.365830904 12.73906012 0.011806608 0.013316805 0.712867169 0.480855199 1.747003563 4.729737609 2.4739810284344577 0.007224826 0.138889641 0.464992578 0.777405248 0.087607872 0.006367743 0.712802689 0.173398969 0.222871021 318.2634 0.039924618 0.107924618 0.005 34041.6 432 11145.6 34467.09677 20736 0.0027808 205.29936
36377 730337 18.51329431 8.391405491 12.8301831 0.011590607 0.013063405 0.709196414 0.48776725 1.754921512 4.646793003 2.554541531977773 0.007171082 0.132947912 0.469783409 0.841298515 0.087429022 0.00625777 0.67809675 0.154901922 0.219021948 317.0538 0.039833749 0.107833749 0.005 29376 432 11145.6 34467.09677 20736 0.0023515 129.88836
36378 730338 18.75885811 8.41617104 12.91877939 0.011381438 0.01281796 0.705381423 0.494460641 1.762876579 4.566472303 2.6413694035745388 0.007119039 0.127211511 0.474400558 0.903170554 0.087255831 0.006154691 0.643892929 0.137282358 0.21541419 315.819 0.039710414 0.107710414 0.005 25574.4 432 11145.6 34467.09677 20736 0.0019557 113.9164062
36379 730339 18.99372586 8.439857872 13.0039288 0.011181381 0.012580618 0.701382962 0.500862488 1.770818149 4.489650146 2.703650293443059 0.007069263 0.121681314 0.478797724 0.962347622 0.087090183 0.006059016 0.610489084 0.120679605 0.212065548 314.5464 0.039556851 0.107556851 0.005 25574.4 432 11145.6 34467.09677 20736 0.001594 266.976
36380 730340 19.21522352 8.462196307 13.08471115 0.010992711 0.012351524 0.697161794 0.506899903 1.778695605 4.417201166 2.738970416577633 0.00702232 0.116358198 0.482928605 1.018155977 0.086933965 0.005971252 0.578183073 0.105232988 0.208993821 313.2612 0.0393753 0.1073753 0.005 25574.4 432 8899.2 34467.09677 20736 0.0012674 0.435456
36381 730341 19.42067708 8.482916667 13.16020625 0.010817708 0.012130825 0.692678682 0.5125 1.786458333 4.35 2.7655437166625148 0.006978777 0.111243038 0.486746902 1.069921875 0.086789063 0.005891909 0.547272754 0.091081831 0.20621681 311.9508 0.039168 0.107168 0.005 25574.4 432 8899.2 34467.09677 20736 0.00097633 306.016704
36382 730342 19.60741254 8.501749271 13.22949391 0.010658649 0.011918668 0.687894392 0.517589893 1.794055718 4.288921283 2.816758533551567 0.006939202 0.106336711 0.490206313 1.116971574 0.086657362 0.005821495 0.518055985 0.078365462 0.203752315 310.6026 0.03893719 0.10693719 0.005 25574.4 432 8899.2 34467.09677 20736 0.00072173 92.71970043
36383 730343 19.77275586 8.518424441 13.29165395 0.010517812 0.011715201 0.682769686 0.522096696 1.801437142 4.23483965 2.9005754750884867 0.00690416 0.101640095 0.493260538 1.158631332 0.086540748 0.005760518 0.490830626 0.067223205 0.201618137 309.2418 0.038685108 0.106685108 0.005 34041.6 691.2 11145.6 34467.09677 20736 0.00050427 166.6329183
36384 730344 19.91403304 8.532672498 13.34576618 0.010397473 0.011520569 0.67726533 0.525947522 1.808551992 4.188629738 2.940711215925036 0.006874219 0.097154064 0.495863275 1.194227405 0.086441108 0.005709488 0.465894533 0.057794386 0.199832075 307.8558 0.038413994 0.106413994 0.005 41990.4 691.2 11145.6 34467.09677 20736 0.0003247 274.97232
36385 730345 20.02857006 8.544223761 13.39091042 0.010299912 0.011334919 0.671342085 0.529069485 1.815349652 4.151166181 2.934745333414473 0.006849944 0.092879496 0.497968224 1.223086051 0.086360327 0.005668912 0.443545566 0.05021833 0.19841193 306.4446 0.038126087 0.106126087 0.005 71625.6 1036.8 16243.2 34467.09677 20736 0.00018375 288.3712696
36386 730346 20.11369291 8.552808552 13.42616648 0.010227405 0.011158399 0.664960717 0.531389699 1.821779505 4.123323615 2.9458639739305124 0.006831904 0.088817268 0.499529084 1.244533528 0.086300292 0.0056393 0.424081583 0.044634364 0.197375502 305.0208 0.037823627 0.105823627 0.005 66009.6 691.2 16243.2 34467.09677 20736 8.22E-05 223.965
36387 730347 20.16672756 8.558157191 13.45061418 0.010182231 0.010991155 0.65808199 0.532835277 1.827790938 4.105976676 2.969326512485776 0.006820664 0.084968255 0.500499554 1.257896091 0.086262887 0.00562116 0.407800441 0.041181812 0.196740592 303.5592 0.037508851 0.105508851 0.005 41990.4 691.2 13737.6 34467.09677 20736 2.07E-05 255.67164
36388 730348 20.185 8.56 13.46333333 0.010166667 0.010833333 0.650666667 0.533333333 1.833333333 4.1 2.988356006907881 0.006816792 0.081333333 0.500833333 1.2625 0.08625 0.005615 0.395 0.04 0.196525 302.085 0.037184 0.105184 0.005 34041.6 432 13737.6 34467.09677 20736 0 248.306688
36389 730349 20.18206415 8.55831906 13.4697832 0.010181301 0.010679804 0.64145012 0.532959791 1.838751215 4.102365768 3.047144791026824 0.006838415 0.077798901 0.500816573 1.258029991 0.086617285 0.005625746 0.384316408 0.040298834 0.196901095 300.5856 0.036851312 0.104851312 0.005 96768 2851.2 16243.2 34467.09677 20736 0 48.92076
36390 730350 20.17342163 8.553440233 13.47603468 0.010224295 0.010525649 0.62935363 0.531875607 1.844401253 4.109232264 3.117775297694205 0.006901378 0.074257584 0.500766413 1.245052125 0.087683309 0.005656934 0.374167003 0.041166181 0.197992687 299.061 0.036513026 0.104513026 0.005 83635.2 2160 16243.2 34467.09677 20736 0 185.79456
36391 730351 20.15932001 8.545609512 13.48208506 0.010294286 0.010371338 0.614616823 0.530135447 1.850251053 4.12025328 3.1971839566594182 0.007002819 0.070719603 0.500683036 1.224214639 0.089394322 0.005706993 0.36452143 0.042558309 0.199744739 297.5238 0.036171382 0.104171382 0.005 71625.6 1555.2 13737.6 34467.09677 20736 0 93.48696
36392 730352 20.14000683 8.535072886 13.48793159 0.010389912 0.01021734 0.597479326 0.527793975 1.856268222 4.135082604 3.2672069525027956 0.007139877 0.067195179 0.500566621 1.196165773 0.091696574 0.005774349 0.355349331 0.044431487 0.202102211 295.974 0.035828618 0.103828618 0.005 60652.8 1555.2 13737.6 34467.09677 20736 0 90.40445217
36393 730353 20.11572965 8.522076348 13.49357155 0.010509811 0.010064123 0.578180763 0.524905855 1.862420365 4.153374028 3.3329838564126826 0.007309689 0.063694532 0.500417351 1.161553765 0.094536318 0.00585743 0.34662035 0.046741983 0.205010066 294.3864 0.035486974 0.103486974 0.005 50803.2 1036.8 16243.2 34467.09677 20736 0 238.32144
36394 730354 20.08673602 8.506865889 13.49900221 0.010652621 0.009912155 0.556960762 0.521525753 1.868675089 4.174781341 3.387651975858443 0.007509395 0.060227884 0.500235408 1.121026855 0.097859803 0.005954665 0.338304128 0.049446064 0.208413265 292.7988 0.035148688 0.103148688 0.005 41990.4 1036.8 16243.2 34467.09677 20736 0 185.5224
36395 730355 20.0532735 8.4896875 13.50422084 0.010816978 0.009761905 0.534058948 0.517708333 1.875 4.198958333 3.467957675339217 0.007736132 0.056805454 0.500020972 1.075233281 0.101613281 0.006064479 0.330370311 0.0525 0.212256771 291.1734 0.034816 0.102816 0.005 34041.6 1036.8 13737.6 34467.09677 20736 0 179.0696987
36396 730356 20.01558965 8.470787172 13.50922471 0.011001521 0.009613841 0.509714948 0.51350826 1.881362704 4.225558795 3.55110497704551 0.007987039 0.053437465 0.499774224 1.024821283 0.105743003 0.006185301 0.32278854 0.055860058 0.216485544 289.548 0.034491149 0.102491149 0.005 34041.6 1036.8 13737.6 34467.09677 20736 0 62.7473566
36397 730357 19.97393202 8.450410897 13.51401109 0.011204888 0.009468433 0.484168387 0.508980199 1.887730807 4.254236516 3.617069607891832 0.008259255 0.050134136 0.499495348 0.970439098 0.110195219 0.006315558 0.315528458 0.059482507 0.221044547 287.8974 0.034176373 0.102176373 0.005 34041.6 691.2 13737.6 34467.09677 20736 0 98.13973787
36398 730358 19.92854816 8.428804665 13.51857726 0.011425715 0.009326149 0.457658893 0.504178814 1.894071914 4.284645287 3.715815387882345 0.008549918 0.046905688 0.499184523 0.912734967 0.114916181 0.006453678 0.30855971 0.063323615 0.225878741 286.2342 0.033873913 0.101873913 0.005 34041.6 691.2 13737.6 34467.09677 20736 0 111.10932
36399 730359 19.87968563 8.406214468 13.52292049 0.011662641 0.009187457 0.43042609 0.499158771 1.900353634 4.316438897 3.813220002808229 0.008856167 0.043762343 0.498841931 0.852357128 0.119852139 0.006598088 0.301851938 0.06733965 0.230933089 284.5458 0.033586006 0.101586006 0.005 34041.6 691.2 13737.6 34467.09677 20736 0 215.0203569
36400 730360 19.82759199 8.382886297 13.52703803 0.011914303 0.009052825 0.402709605 0.493974733 1.90654357 4.349271137 3.8504869792702414 0.00917514 0.04071432 0.498467754 0.789953819 0.124949344 0.006747216 0.295374785 0.07148688 0.236152551 282.8448 0.033314892 0.101314892 0.005 34041.6 1036.8 13737.6 34467.09677 20736 0 263.0997058
36401 730361 19.77251478 8.359066144 13.53092718 0.012179339 0.008922723 0.374749064 0.488681365 1.912609329 4.382795797 3.887982973819203 0.009503974 0.037771841 0.498062173 0.72617328 0.130154047 0.006899488 0.289097894 0.075721574 0.24148209 281.1312 0.03306281 0.10106281 0.005 34041.6 1036.8 13737.6 34467.09677 20736 0 221.5836
36402 730362 19.71470157 8.335 13.53458519 0.012456386 0.008797619 0.346784094 0.483333333 1.918518519 4.416666667 3.9387772915549237 0.00983981 0.034945126 0.497625369 0.66166375 0.1354125 0.007053333 0.282990909 0.08 0.246866667 279.405 0.032832 0.100832 0.005 34041.6 2160 16243.2 34467.09677 20736 0 243.7163847
36403 730363 19.6543999 8.310933856 13.53800934 0.012744083 0.008677981 0.319054319 0.477985301 1.924238743 4.450537536 3.98844045651862 0.010179785 0.032244396 0.497157524 0.597073467 0.140670953 0.007207178 0.277023472 0.084278426 0.252251244 277.6536 0.0326247 0.1006247 0.005 34041.6 1036.8 13737.6 34467.09677 20736 0 233.9417872
36404 730364 19.59185734 8.287113703 13.54119689 0.013041066 0.008564279 0.291799368 0.472691934 1.929737609 4.484062196 4.046729595915604 0.010521038 0.029679873 0.496658819 0.533050671 0.145875656 0.007359451 0.271165227 0.08851312 0.257580782 275.9022 0.032443149 0.100443149 0.005 34041.6 691.2 13737.6 34560 17280 0 239.1533617
36405 730365 19.52732144 8.263785532 13.54414513 0.013345974 0.00845698 0.265258864 0.467507896 1.934982723 4.516894436 4.11430748304755 0.010860707 0.027261775 0.496129436 0.470243599 0.150972861 0.007508578 0.265385817 0.09266035 0.262800244 274.1256 0.032289586 0.100289586 0.005 34041.6 691.2 13737.6 34560 17280 0 219.0945906
36406 730366 19.46103975 8.241195335 13.54685131 0.013657443 0.008356553 0.239672436 0.462487852 1.939941691 4.548688047 4.191594305889617 0.01119593 0.025000326 0.495569556 0.409300492 0.155908819 0.007652988 0.259654885 0.096676385 0.267854592 272.3364 0.032166251 0.100166251 0.005 34041.6 432 13737.6 34560 17280 0 211.4091548
36407 730367 19.39325983 8.219589103 13.54931272 0.013974113 0.008263467 0.215279708 0.457686467 1.944582119 4.579096817 4.2763350627367025 0.011523847 0.022905744 0.49497936 0.350869588 0.160629781 0.007791108 0.253942073 0.100517493 0.272688786 270.5346 0.032075382 0.100075382 0.005 34041.6 432 13737.6 34560 17280 0 211.994496
36408 730368 19.32422923 8.199212828 13.55152662 0.01429462 0.00817819 0.192320307 0.453158406 1.948871612 4.607774538 4.344607312463682 0.011841595 0.020988251 0.494359031 0.295599125 0.165081997 0.007921365 0.248217026 0.104139942 0.277247789 268.7328 0.032019219 0.100019219 0.005 34041.6 432 13737.6 34560 17280 0 233.33184
36409 730369 19.25419551 8.1803125 13.55349028 0.014617601 0.00810119 0.171033859 0.448958333 1.952777778 4.634375 4.415393252651423 0.012146312 0.019258068 0.493708748 0.244137344 0.169211719 0.008042188 0.242449386 0.1075 0.281476563 266.9058 0.032 0.1 0.005 29376 432 13737.6 34560 17280 0 208.63332
36410 730370 19.18340623 8.163134111 13.55520097 0.014941696 0.008032938 0.15165999 0.445140914 1.956268222 4.658551992 4.496455605348526 0.012435139 0.017725415 0.493028694 0.197132482 0.172965197 0.008152002 0.236608797 0.110553936 0.285320068 265.0788 0.032006519 0.100081481 0.005016296 25574.4 691.2 16243.2 34560 17280 0 199.76544
36411 730371 19.11210893 8.147923652 13.55665597 0.01526554 0.0079739 0.134438326 0.441760811 1.95931055 4.679959305 4.5982330472727 0.012705212 0.016400514 0.492319051 0.155232778 0.176288682 0.008249236 0.230664901 0.113258017 0.288723267 263.2392 0.032025481 0.100318519 0.005063704 34041.6 691.2 16243.2 34560 17280 0 145.9472477
36412 730372 19.04055117 8.134927114 13.55785254 0.015587772 0.007924545 0.119608494 0.438872692 1.961872368 4.698250729 4.69935513982946 0.01295367 0.015293584 0.491579999 0.119086472 0.179128426 0.008332318 0.224587342 0.115568513 0.291631122 261.3744 0.032056 0.1007 0.00514 29376 432 13737.6 34560 17280 0 118.2911591
36413 730373 18.96898051 8.124390488 13.55878796 0.01590703 0.007885343 0.107410119 0.43653122 1.963921283 4.713080053 4.774061941821107 0.013177652 0.014414847 0.490811719 0.089341803 0.181430678 0.008399674 0.218345762 0.117441691 0.293988595 259.5222 0.032097185 0.101214815 0.005242963 25574.4 432 13737.6 34560 17280 0 98.47656
36414 730374 18.8976445 8.116559767 13.5594595 0.016221951 0.007856761 0.098082828 0.434791059 1.9654249 4.724101069 4.833337549262454 0.013374296 0.013774524 0.490014395 0.066647008 0.183141691 0.008449733 0.211909805 0.118833819 0.295740646 257.6448 0.032148148 0.101851852 0.00537037 25574.4 432 13737.6 34560 17280 0 161.50428
36415 730375 18.8267907 8.11168094 13.55986442 0.016531173 0.007839268 0.091866246 0.433706876 1.966350826 4.730967566 4.850068940644242 0.013540741 0.013382834 0.489188205 0.051650328 0.184207715 0.008480921 0.205249115 0.119701166 0.296832239 255.7674 0.032208 0.1026 0.00552 25574.4 432 13737.6 34560 17280 0 212.4469379
36416 730376 18.75666667 8.11 13.56 0.016833333 0.007833333 0.089 0.433333333 1.966666667 4.733333333 4.828557282551922 0.013674125 0.01325 0.488333333 0.045 0.184575 0.008491667 0.198333333 0.12 0.297208333 253.8774 0.032275852 0.103448148 0.00568963 25574.4 432 13737.6 34560 17280 0 229.1471387
36417 730377 18.68459452 8.110815567 13.54828322 0.017152303 0.0078479 0.087906985 0.434146298 1.96535881 4.724809275 4.813304278476051 0.013789834 0.013265876 0.485813085 0.042776148 0.184411552 0.00847515 0.191033849 0.119850583 0.296630246 251.9748 0.032350815 0.104385185 0.005877037 25574.4 432 13737.6 34560 17280 0 204.61896
36418 730378 18.60787354 8.113182702 13.514276 0.017510313 0.007890451 0.086850506 0.436524591 1.961559711 4.700002316 4.844077510328455 0.013904977 0.013311953 0.480153244 0.040627044 0.183934339 0.008427211 0.183278581 0.11941691 0.294952381 250.0722 0.032432 0.1054 0.00608 25574.4 432 13737.6 34560 17280 0 140.86548
36419 730379 18.52671698 8.116982052 13.45969297 0.017903541 0.00795926 0.085830806 0.440377313 1.955456073 4.660060283 4.896634577764973 0.01401928 0.01338591 0.471597704 0.03855315 0.183163059 0.008350267 0.175121967 0.118720845 0.292259338 248.157 0.032518519 0.106481481 0.006296296 25574.4 432 13737.6 34560 17280 0 139.58784
36420 730380 18.44133807 8.122094266 13.38624879 0.018328165 0.008052602 0.084848127 0.445613562 1.947234601 4.606131001 4.932764778497956 0.014132469 0.013485423 0.460390361 0.036554927 0.18211741 0.008246735 0.166618445 0.117784257 0.288635714 246.2418 0.032609481 0.107618519 0.006523704 25574.4 432 13737.6 34560 17280 0 80.86701913
36421 730381 18.35195009 8.128399994 13.2956581 0.018780363 0.008168751 0.083902712 0.452142437 1.937081999 4.539362295 4.966601504379692 0.014244267 0.013608168 0.446775109 0.034632838 0.180817089 0.008119032 0.157822452 0.116629009 0.284166109 244.314 0.032704 0.1088 0.00676 25574.4 432 13737.6 34560 17280 0 95.46012
36422 730382 18.25876627 8.135779883 13.18963557 0.019256312 0.008305983 0.082994802 0.459873039 1.92518497 4.460901992 5.014445070769533 0.014354401 0.013751822 0.430995844 0.032787343 0.179281794 0.007969575 0.148788427 0.115276968 0.278935119 242.3862 0.032801185 0.110014815 0.007002963 25574.4 691.2 16243.2 34560 17280 0 204.09732
36423 730383 18.16199988 8.144114583 13.06989583 0.01975219 0.008462571 0.082124639 0.468714466 1.91173022 4.371897916 5.072329232358097 0.014462595 0.013914063 0.41329646 0.031018906 0.177531223 0.007800781 0.139570807 0.11375 0.273027344 240.4584 0.032900148 0.111251852 0.00725037 25574.4 691.2 13737.6 34560 17280 0 78.66607304
36424 730384 18.06186416 8.153284742 12.93815355 0.020264175 0.00863679 0.081292467 0.478575818 1.896904453 4.273497893 5.136854829267255 0.014568574 0.014092566 0.393920853 0.029327988 0.175585073 0.007615068 0.130224031 0.112069971 0.266527381 238.518 0.033 0.1125 0.0075 71625.6 1036.8 18748.8 34560 17280 0 159.07752
36425 730385 17.95857237 8.163171009 12.79612336 0.020788445 0.008826916 0.080498527 0.489366193 1.880894372 4.16684975 5.217664807288962 0.014672064 0.014285008 0.373112917 0.027715051 0.173463042 0.007414852 0.120802535 0.110258746 0.259519829 236.5776 0.033099852 0.113748148 0.00774963 60652.8 950.4 16243.2 34560 17280 0 118.34424
36426 730386 17.85233775 8.173654033 12.64551992 0.021321177 0.009031222 0.079743062 0.500994692 1.863886683 4.053101311 5.282479696977712 0.014772789 0.014489067 0.351116547 0.026180558 0.171184828 0.007202551 0.111360759 0.108338192 0.252089286 234.6372 0.033198815 0.114985185 0.007997037 50803.2 691.2 13737.6 34560 17280 0 94.25808
36427 730387 17.74337357 8.184614462 12.48805788 0.021858548 0.009247983 0.079026313 0.513370414 1.846068088 3.933400401 5.2085070627752215 0.014870474 0.014702419 0.328175639 0.024724969 0.168770128 0.006980581 0.101953141 0.106330175 0.24432035 232.6842 0.033296 0.1162 0.00824 41990.4 691.2 13737.6 34560 17280 0 21.313152
36428 730388 17.63189307 8.195932945 12.3254519 0.022396738 0.009475475 0.078348524 0.526402458 1.827625294 3.808894848 5.093803479534278 0.014964845 0.014922741 0.304534087 0.023348746 0.166238641 0.006751361 0.092634117 0.10425656 0.236297619 230.7312 0.033390519 0.117381481 0.008476296 34041.6 691.2 13737.6 34560 17280 0 65.34108
36429 730389 17.51810951 8.20749013 12.15941661 0.022931922 0.00971197 0.077709935 0.539999923 1.808745003 3.680732475 5.1757657509190915 0.015055627 0.015147709 0.280435786 0.022052353 0.163610063 0.006517305 0.083458126 0.102139213 0.228105692 228.7782 0.033481481 0.118518519 0.008703704 25574.4 691.2 13737.6 34560 17280 0 140.507136
36430 730390 17.40223614 8.219166667 11.99166667 0.02346028 0.009955745 0.077110791 0.554071909 1.789613921 3.550061109 5.272379841924085 0.015142544 0.015375 0.256124631 0.02083625 0.160904093 0.006280833 0.074479606 0.1 0.219829167 226.8252 0.033568 0.1196 0.00892 34041.6 950.4 16243.2 34560 17280 0 211.147776
36431 730391 17.28448621 8.230843203 11.82391673 0.023977989 0.010205073 0.076551332 0.568527515 1.77041875 3.418028575 5.35107837374124 0.015225322 0.015602291 0.231844518 0.0197009 0.158140428 0.006044361 0.065752995 0.097860787 0.211552641 224.8722 0.033649185 0.120614815 0.009122963 50803.2 691.2 13737.6 34560 17280 0 162.2768477
36432 730392 17.16507297 8.242400389 11.65788144 0.024481227 0.010458229 0.076031801 0.58327584 1.751346197 3.285782699 5.45343454466853 0.015303686 0.015827259 0.207839341 0.018646764 0.155338766 0.005810306 0.057332731 0.09574344 0.203360714 222.9192 0.033724148 0.121551852 0.00931037 50803.2 691.2 13737.6 34560 17280 0 174.77208
36433 730393 17.04420967 8.253718871 11.49527545 0.02496617 0.010713488 0.07555244 0.598225983 1.732582964 3.154471307 5.5558617412665985 0.01537736 0.016047581 0.184352994 0.017674304 0.152518805 0.005581085 0.049273251 0.093669825 0.195337984 220.9662 0.033792 0.1224 0.00948 50803.2 691.2 13737.6 34560 17280 0 167.10624
36434 730394 16.92210958 8.2646793 11.33781341 0.025428998 0.010969125 0.075113492 0.613287045 1.714315757 3.025242223 5.663650517331391 0.015446071 0.016260933 0.161629374 0.016783983 0.149700241 0.005359116 0.041628993 0.091661808 0.187569048 219.0006 0.033851852 0.123148148 0.00962963 83635.2 1900.8 18748.8 41876.12903 19872 0 177.2630196
36435 730395 16.79898593 8.275162324 11.18720997 0.025865888 0.011223414 0.074715199 0.628368124 1.696731278 2.899243274 5.777109977890559 0.015509543 0.016464992 0.139912375 0.015976262 0.146902774 0.005146814 0.034454396 0.089741254 0.180138504 217.0476 0.033902815 0.123785185 0.009757037 71625.6 1382.4 16243.2 41876.12903 19872 0 128.50488
36436 730396 16.67505199 8.285048591 11.04517979 0.026273017 0.011474629 0.074357803 0.643378319 1.680016234 2.777622285 5.896367654975695 0.0155675 0.016657434 0.119445892 0.015251603 0.1441461 0.004946599 0.027803898 0.087930029 0.173130952 215.0946 0.033944 0.1243 0.00986 50803.2 950.4 16243.2 41876.12903 19872 0 135.01404
36437 730397 16.550521 8.29421875 10.9134375 0.026646563 0.011721046 0.074041546 0.658226731 1.664357327 2.661527081 5.986934860270994 0.015619669 0.016835938 0.10047382 0.014610469 0.141449918 0.004760885 0.021731936 0.08625 0.16663099 213.1416 0.033974519 0.124681481 0.009936296 96768 2505.6 18748.8 41876.12903 19872 0 70.55748
36438 730398 16.42560622 8.30255345 10.79369776 0.026982705 0.011960939 0.073766671 0.672822457 1.649941263 2.552105488 6.063486174463092 0.015665774 0.016998178 0.083240054 0.01405332 0.138833924 0.004592092 0.016292948 0.084723032 0.160723214 211.2012 0.033993481 0.124918519 0.009983704 41990.4 1900.8 18748.8 41876.12903 19872 0 106.2558
36439 730399 16.30052089 8.309933339 10.68767523 0.027277619 0.012192582 0.07353342 0.687074599 1.636954745 2.450505333 6.17395506576363 0.01570554 0.017141832 0.067988489 0.013580619 0.136317817 0.004442635 0.011541372 0.083370991 0.155492225 209.2482 0.034 0.125 0.01 50803.2 1382.4 16243.2 41876.12903 19872 0 145.65096
36440 730400 16.17547828 8.316239067 10.59708455 0.027527483 0.01241425 0.073342035 0.700892254 1.625584478 2.357874439 6.265048937915416 0.015738692 0.017264577 0.054963019 0.013192828 0.133921294 0.004314932 0.007531646 0.082215743 0.151022619 207.3078 0.033989203 0.124897432 0.009986504 50803.2 950.4 16243.2 41876.12903 19872 0 85.48092
36441 730401 16.05069163 8.321351282 10.52364037 0.027728476 0.012624218 0.073192758 0.714184522 1.616017165 2.275360634 6.315134445703698 0.015764956 0.01736409 0.044407541 0.012890409 0.131664053 0.0042114 0.004318208 0.081279155 0.147398996 205.3674 0.033957704 0.124598186 0.00994713 60652.8 950.4 13737.6 41876.12903 19872 0 82.03356
36442 730402 15.9263742 8.325150632 10.46905734 0.027876774 0.01282076 0.073085832 0.726860503 1.608439512 2.204111742 6.187205173272872 0.015784057 0.017438047 0.036565948 0.012673823 0.129565792 0.004134456 0.001955495 0.08058309 0.144705952 203.4396 0.033906837 0.124114951 0.009883546 60652.8 1382.4 16243.2 41876.12903 19872 0 13.85748
36443 730403 15.80273924 8.327517766 10.43505011 0.027968557 0.013002152 0.073021498 0.738829296 1.603038222 2.145275589 6.066493818348118 0.015795718 0.017484124 0.031682136 0.012543533 0.127646209 0.004086517 0.000497947 0.080149417 0.143028088 201.5118 0.033837939 0.123460417 0.009797423 60652.8 1382.4 13737.6 41876.12903 19872 0 84.08560696
36444 730404 15.68 8.328333333 10.42333333 0.028 0.013166667 0.073 0.75 1.6 2.1 5.971675173701632 0.015799667 0.0175 0.03 0.0125 0.125925 0.00407 0 0.08 0.14245 199.584 0.033752344 0.122647272 0.00969043 71625.6 950.4 13737.6 41876.12903 19872 0 18.64296
36445 730405 15.55768803 8.327363969 10.4244428 0.027988997 0.013317253 0.073965466 0.760510613 1.598261172 2.062488197 5.765642971099903 0.015798461 0.017473903 0.030159036 0.012573838 0.124315851 0.004074703 3.03E-05 0.080469925 0.142614603 197.6688 0.03365139 0.121688204 0.009564237 71625.6 950.4 13737.6 41876.12903 19872 6.82E-05 40.72933565
36446 730406 15.43514924 8.324529035 10.42768747 0.027956541 0.01345849 0.076806816 0.77058434 1.596629994 2.026157015 5.58965955617933 0.015794864 0.017397345 0.030624143 0.012789781 0.122719614 0.004088457 0.000118884 0.081850684 0.143095988 195.7536 0.033536411 0.120595904 0.009420514 71625.6 950.4 13737.6 41876.12903 19872 0.00026917 19.36872
36447 730407 15.31231844 8.319938272 10.43294174 0.02790346 0.013591096 0.081441478 0.780258089 1.595101066 1.990974703 5.555697085327053 0.015788907 0.017272927 0.031377315 0.013139468 0.12113674 0.004110729 0.000262346 0.084098757 0.143875521 193.851 0.033408743 0.119383059 0.009260929 71625.6 950.4 13737.6 41876.12903 19872 0.00059752 93.16944
36448 730408 15.18913041 8.313701417 10.44008002 0.027830581 0.01371579 0.08778688 0.789568766 1.593668989 1.956909512 5.562234914279386 0.015780622 0.017103247 0.032400549 0.01361454 0.119567681 0.004140988 0.000457247 0.087170622 0.144934568 191.9484 0.033269722 0.118062359 0.009087153 71625.6 1382.4 13737.6 41876.12903 19872 0.0010478 26.8758
36449 730409 15.06551996 8.305928212 10.44897669 0.027738732 0.013833293 0.095760451 0.798553282 1.592328363 1.923929691 5.543354488242523 0.01577004 0.016890906 0.03367584 0.01420664 0.118012887 0.0041787 0.00070016 0.091022757 0.146254495 190.0584 0.033120683 0.116646492 0.008900854 66009.6 1382.4 13737.6 41876.12903 19872 0.0016147 72.09972
36450 730410 14.94142189 8.296728395 10.45950617 0.027628742 0.013944322 0.105279617 0.807248542 1.591073788 1.892003488 5.702119406472325 0.015757193 0.016638504 0.035185185 0.014907407 0.11647281 0.004223333 0.000987654 0.095611641 0.147816667 188.1684 0.032962963 0.115148148 0.008703704 60652.8 1382.4 11318.4 41876.12903 19872 0.0022928 124.64928
36451 730411 14.81677099 8.286211706 10.47154285 0.027501439 0.014049598 0.116261808 0.815691456 1.589899864 1.861099153 5.907618161668924 0.01574211 0.016348641 0.03691058 0.015708483 0.114947899 0.004274356 0.001316301 0.100893753 0.14960245 186.3036 0.032797896 0.113580015 0.00849737 55641.6 1382.4 11318.4 41876.12903 19872 0.0030765 101.01672
36452 730412 14.69150207 8.274487883 10.48496113 0.027357649 0.014149841 0.128624452 0.823918932 1.58880119 1.831184936 6.1233557206555265 0.015724825 0.016023916 0.038834019 0.016601509 0.113438606 0.004331235 0.00168267 0.10682557 0.15159321 184.4388 0.032626819 0.111954782 0.008283524 60652.8 1382.4 13737.6 41876.12903 19872 0.0039607 106.05168
36453 730413 14.56554991 8.261666667 10.49963542 0.027198203 0.014245768 0.142284975 0.831967877 1.587772368 1.802229085 6.338862907818741 0.015705367 0.015666929 0.0409375 0.017578125 0.111945382 0.004393438 0.002083333 0.113363573 0.153770313 182.574 0.032451067 0.110285138 0.008063834 60652.8 1382.4 11318.4 41876.12903 19872 0.0049397 86.81904
36454 730414 14.43884933 8.247857796 10.5154401 0.027023926 0.0143381 0.157160807 0.8398752 1.586807997 1.77419985 6.574859115436038 0.015683769 0.015280281 0.043203018 0.018629973 0.110468678 0.004460432 0.002514861 0.120464239 0.156115123 180.7344 0.032271976 0.108583772 0.00783997 71625.6 1900.8 13737.6 41876.12903 19872 0.0060083 120.34008
36455 730415 14.31133511 8.233171011 10.53224959 0.026835648 0.014427556 0.173169376 0.847677807 1.585902677 1.74706548 6.828680849435195 0.015660062 0.014866571 0.045612569 0.019748693 0.109008945 0.004531686 0.002973823 0.128084046 0.158609008 178.8948 0.032090881 0.106863372 0.007613602 71625.6 1900.8 13737.6 41876.12903 19872 0.007161 104.4414
36456 730416 14.18294206 8.217716049 10.54993827 0.026634197 0.014514855 0.190228109 0.855412609 1.585051009 1.720794225 7.0816444086437285 0.015634276 0.014428398 0.048148148 0.020925926 0.107566633 0.004606667 0.00345679 0.136179473 0.161233333 177.0804 0.031909119 0.105136628 0.007386398 83635.2 1900.8 13737.6 41876.12903 19872 0.0083924 107.315712
36457 730417 14.05360496 8.201602652 10.56838056 0.0264204 0.014600718 0.208254435 0.863116511 1.584247593 1.695354334 7.217951906719124 0.015606444 0.013968364 0.050791752 0.022153314 0.106142194 0.004684842 0.003960334 0.144707 0.163969464 175.266 0.031728024 0.103416228 0.00716003 89856 3369.6 18748.8 41876.12903 19872 0.0096971 43.40952
36458 730418 13.92325863 8.184940558 10.58745085 0.026195085 0.014685862 0.227165781 0.870826424 1.583487027 1.670714056 7.069171276445999 0.015576597 0.013489067 0.053525377 0.023422497 0.104736078 0.004765679 0.004481024 0.153623103 0.166798765 173.4642 0.031548933 0.101714862 0.006936166 96768 2505.6 13737.6 41876.12903 19872 0.01107 18.30276
36459 730419 13.79183786 8.167839506 10.60702353 0.02595908 0.014771007 0.246879576 0.878579253 1.582763914 1.64684164 7.048518950630941 0.015544765 0.012993108 0.056331019 0.024725116 0.103348736 0.004848646 0.005015432 0.162884262 0.169702604 171.675 0.031373181 0.100045218 0.006716476 96768 4233.6 16243.2 41876.12903 19872 0.012505 79.56144
36460 730420 13.65927745 8.150409236 10.62697302 0.025713213 0.014856873 0.267313248 0.886411908 1.582072853 1.623705337 7.180706201326483 0.01551098 0.012483087 0.059190672 0.026052812 0.10198062 0.00493321 0.005560128 0.172446956 0.172662346 169.8984 0.031202104 0.098419985 0.00650263 96768 3888 13737.6 41876.12903 19872 0.013997 60.12998809
36461 730421 13.52551219 8.132759488 10.64717371 0.025458313 0.014944179 0.288384224 0.894361297 1.581408443 1.601273394 7.197440790699115 0.015475274 0.011961602 0.062086334 0.027397227 0.10063218 0.005018839 0.006111683 0.182267663 0.175659356 168.1344 0.031037037 0.096851852 0.006296296 83635.2 3024 11318.4 41876.12903 19872 0.015541 43.98568851
36462 730422 13.39047689 8.115 10.6675 0.025195207 0.015033645 0.310009934 0.902464327 1.580765286 1.579514062 7.212681325747178 0.015437677 0.011431256 0.065 0.02875 0.099303867 0.005105 0.006666667 0.192302861 0.178675 166.3956 0.030879317 0.095353508 0.006099146 60652.8 2332.8 11318.4 41876.12903 19872 0.017131 60.06050043
36463 730423 13.25410633 8.097240512 10.68782629 0.024924723 0.015125989 0.332107804 0.910757906 1.58013798 1.558395589 7.211280233877411 0.015398222 0.010894646 0.067913666 0.030102773 0.097996132 0.005191161 0.007221651 0.202509029 0.181690644 164.6568 0.030730278 0.093937641 0.005912847 60652.8 1814.4 11318.4 41876.12903 19872 0.018762 43.659
36464 730424 13.11633533 8.079590764 10.70802698 0.02464769 0.015221932 0.354595263 0.919278943 1.579521127 1.537886225 7.123829554138725 0.015356939 0.010354373 0.070809328 0.031447188 0.096709426 0.00527679 0.007773205 0.212842646 0.184687654 162.9432 0.030591257 0.092616941 0.005739071 60652.8 1814.4 11318.4 41876.12903 19872 0.020428 34.37322894
36465 730425 12.97709868 8.062160494 10.72797647 0.024364934 0.015322191 0.37738974 0.928064345 1.578909326 1.51795422 7.044375787536925 0.015313859 0.009813037 0.073668981 0.032774884 0.095444199 0.005361354 0.008317901 0.22326019 0.187647396 161.2422 0.030463589 0.091404096 0.005579486 50803.2 1814.4 11318.4 51840 0 0.022125 44.88902809
36466 730426 12.83633117 8.045059442 10.74754915 0.024077285 0.015427488 0.400408661 0.937151021 1.578297178 1.498567823 7.017879823634376 0.015269014 0.009273237 0.076474623 0.034077503 0.094200904 0.005444321 0.008852309 0.233718139 0.190551235 159.5538 0.03034861 0.090311796 0.005435763 50803.2 1296 11318.4 51840 0 0.023846 80.32773447
36467 730427 12.6939676 8.028397348 10.76661944 0.023785569 0.015538541 0.423569456 0.946575878 1.577679282 1.479695282 6.955437883155394 0.015222436 0.008737575 0.079208248 0.035346686 0.09297999 0.005525158 0.009373 0.244172973 0.193380536 157.878 0.030247656 0.089352728 0.00530957 50803.2 1296 11318.4 51840 0 0.025586 20.17458383
36468 730428 12.54994278 8.012283951 10.78506173 0.023490616 0.015656069 0.446789551 0.956375824 1.577050239 1.461304847 6.767307137431546 0.015174155 0.008208649 0.081851852 0.036574074 0.091781908 0.005603333 0.009876543 0.254581169 0.196116667 156.2274 0.030162061 0.088539583 0.005202577 55641.6 2332.8 13737.6 51840 0 0.02734 35.10864
36469 730429 12.4041915 7.996828989 10.80275041 0.023193253 0.015780792 0.469986376 0.966587768 1.576404649 1.443364768 6.559892340342319 0.015124202 0.007689059 0.084387431 0.037751307 0.09060711 0.005678314 0.010359511 0.264899206 0.198740992 154.5894 0.030093163 0.087885049 0.005116454 55641.6 1814.4 11318.4 51840 0 0.029103 11.83896
36470 730430 12.25664856 7.982142204 10.8195599 0.022894307 0.015913429 0.493077358 0.977248617 1.575737111 1.425843294 6.280013384634033 0.01507261 0.007181405 0.086796982 0.038870027 0.089456046 0.005749568 0.010818473 0.275083563 0.201234877 152.9766 0.030042296 0.087401814 0.00505287 55641.6 1814.4 11318.4 51840 0 0.030868 15.17147234
36471 730431 12.10724875 7.968333333 10.83536458 0.022594608 0.016054699 0.515979925 0.98839528 1.575042227 1.408708674 6.029168002847974 0.015019409 0.006688287 0.0890625 0.039921875 0.088329168 0.005816563 0.01125 0.285090719 0.203579688 151.3764 0.030010797 0.087102568 0.005013496 55641.6 2332.8 13737.6 51840 0 0.032632 11.69708936
36472 730432 11.95592688 7.955512117 10.85003887 0.022294983 0.016205323 0.538611506 1.000064664 1.574314595 1.391929158 5.957704832377968 0.014964631 0.006212306 0.091165981 0.040898491 0.087226926 0.005878765 0.011650663 0.294877151 0.20575679 149.7888 0.03 0.087 0.005 60652.8 1296 11318.4 51840 0 0.034387 71.40058435
36473 730433 11.80261774 7.943788294 10.86345715 0.021996259 0.016366018 0.560889528 1.012293677 1.573548817 1.375472994 5.9117923433834605 0.014908306 0.00575606 0.09308942 0.041791517 0.086149771 0.005935644 0.012017032 0.304399339 0.20774755 148.2264 0.030028828 0.087110507 0.005028828 60652.8 1814.4 8899.2 51840 0 0.036129 12.04308
36474 730434 11.64725613 7.933271605 10.87549383 0.021699266 0.016537506 0.58273142 1.025119228 1.572739492 1.359308432 5.87356886796225 0.014850467 0.00532215 0.094814815 0.042592593 0.085098153 0.005986667 0.012345679 0.31361376 0.209533333 146.6892 0.030113073 0.087433446 0.005113073 60652.8 1814.4 8899.2 51840 0 0.037853 87.94821447
36475 730435 11.48977685 7.924071788 10.88602331 0.02140483 0.016720504 0.604054609 1.038578224 1.571881221 1.343403722 5.835671599710212 0.014791145 0.004913176 0.09632416 0.04329336 0.084072525 0.0060313 0.012633173 0.322476894 0.211095505 145.1646 0.030249376 0.087955942 0.005249376 60652.8 1814.4 8899.2 51840 0 0.039552 4.67208
36476 730436 11.3301147 7.916298583 10.89491998 0.021113781 0.016915732 0.624776524 1.052707574 1.570968602 1.327727112 5.622962321462652 0.01473037 0.004531737 0.097599451 0.04388546 0.083073337 0.006069012 0.012876086 0.330945219 0.212415432 143.6652 0.030434379 0.08866512 0.005434379 60652.8 1814.4 11318.4 51840 0 0.041222 23.85936
36477 730437 11.16820448 7.910061728 10.90205826 0.020826945 0.017123909 0.644814593 1.067544185 1.569996238 1.312246853 5.5516713106741005 0.014668174 0.004180433 0.098622685 0.044360532 0.082101039 0.006099271 0.013070988 0.338975214 0.213474479 142.1784 0.030664723 0.089548105 0.005664723 60652.8 1814.4 8899.2 51840 0 0.042857 44.49816
36478 730438 11.00398097 7.905470965 10.90731253 0.020545151 0.017345756 0.664086243 1.083124966 1.568958727 1.296931192 5.545646371805865 0.014604589 0.003861865 0.099375857 0.044710219 0.081156083 0.006121543 0.013214449 0.346523356 0.214254012 140.7294 0.03093705 0.090592023 0.00593705 60652.8 1814.4 8899.2 51840 0 0.044452 58.31028
36479 730439 10.83737899 7.902636031 10.9105572 0.020269226 0.017581991 0.682508902 1.099486823 1.56785067 1.281748381 5.58002521468444 0.014539646 0.003578632 0.099840964 0.044926162 0.08023892 0.006135297 0.013303041 0.353546126 0.214735397 139.2804 0.031248 0.091784 0.006248 71625.6 1814.4 8899.2 51840 0 0.046002 81.9882
36480 730440 10.66833333 7.901666667 10.91166667 0.02 0.017833333 0.7 1.116666667 1.566666667 1.266666667 5.628478087014053 0.014473375 0.003333333 0.1 0.045 0.07935 0.00614 0.013333333 0.36 0.2149 137.8692 0.031594216 0.09311116 0.006594216 71625.6 1814.4 8899.2 51840 0 0.0475 74.70792
36481 730441 10.48687717 7.902216458 10.90098565 0.019719333 0.018282287 0.717431798 1.138955861 1.565408026 1.251399822 5.641791369251654 0.014385963 0.003105685 0.099679614 0.04474625 0.07846058 0.006109417 0.013333333 0.365938051 0.213829598 136.4832 0.031972338 0.09456063 0.006972338 71625.6 1814.4 11318.4 51840 0 0.048947 46.67544
36482 730442 10.28503281 7.90379 10.87036406 0.019411168 0.0190838 0.73563675 1.169913845 1.564082333 1.235765701 5.59969902030587 0.014260427 0.002874748 0.098761346 0.04402 0.07754667 0.006021887 0.013333333 0.371478496 0.210766033 135.1098 0.032379009 0.096119534 0.007379009 71625.6 1814.4 11318.4 51840 0 0.050353 39.89412
36483 730443 10.06571871 7.906273542 10.82193404 0.019079457 0.020197261 0.754472575 1.208479635 1.562693606 1.219888677 5.521221624472046 0.014101047 0.00264214 0.097309527 0.04287375 0.076615851 0.005883736 0.013333333 0.376675532 0.205930769 133.7742 0.032810869 0.097774997 0.007810869 71625.6 1814.4 11318.4 51840 0 0.051727 29.0304
36484 730444 9.831853322 7.909553333 10.75782776 0.018728152 0.021582055 0.77379699 1.253592248 1.561245861 1.203893124 5.477576426482187 0.013912104 0.002409478 0.09538849 0.04136 0.075675701 0.005701293 0.013333333 0.381583355 0.199545267 132.4512 0.03326456 0.099514146 0.00826456 71625.6 1814.4 8899.2 51840 0 0.05308 62.61948
36485 730445 9.586355126 7.913515625 10.68017739 0.018361203 0.02319757 0.793467713 1.304190702 1.559743116 1.187903416 5.46200445839705 0.013697878 0.002178382 0.093062567 0.03953125 0.074733803 0.005480885 0.013333333 0.386256162 0.19183099 131.1534 0.033736723 0.101324105 0.008736723 71625.6 1814.4 8899.2 51840 0 0.054422 39.14568
36486 730446 9.33214258 7.918046667 10.59111507 0.017982562 0.025003193 0.81334246 1.359214014 1.558189386 1.172043926 5.447848756681165 0.013462648 0.001950469 0.09039609 0.03744 0.073797735 0.00522884 0.013333333 0.390748149 0.1830094 129.8934 0.034224 0.103192 0.009224 71625.6 1814.4 8899.2 51840 0 0.055763 72.32652
36487 730447 9.072134148 7.923032708 10.49277299 0.017596181 0.026958311 0.83327895 1.417601201 1.55658869 1.156439029 5.407630833741526 0.013210696 0.001727356 0.087453391 0.03513875 0.072875079 0.004951485 0.013333333 0.395113513 0.17330196 128.646 0.034723032 0.105104956 0.009723032 60652.8 1814.4 8899.2 51840 0 0.057112 19.09656
36488 730448 8.809248295 7.92836 10.38728329 0.01720601 0.029022312 0.8531349 1.478291279 1.554945043 1.141213098 5.270005779132367 0.012946301 0.001510663 0.084298803 0.03268 0.071973414 0.004655147 0.013333333 0.399406451 0.162930133 127.4364 0.035230461 0.107050099 0.010230461 50803.2 1814.4 8899.2 51840 0 0.058481 7.16688
36489 730449 8.546403483 7.933914792 10.27677813 0.016816001 0.031154581 0.872768027 1.540223267 1.553262463 1.126490506 5.136851675797811 0.012673743 0.001302007 0.080996658 0.03011625 0.071100321 0.004346154 0.013333333 0.403681159 0.152115381 126.2394 0.035742927 0.109014554 0.010742927 41990.4 1814.4 8899.2 51840 0 0.059878 14.65128
36490 730450 8.286518177 7.939583333 10.16338969 0.016430105 0.033314507 0.892036049 1.60233618 1.551544968 1.112395629 5.115135619332426 0.012397302 0.001103006 0.077611289 0.0275 0.07026338 0.004030833 0.013333333 0.407991833 0.141079167 125.0802 0.036257073 0.110985446 0.011257073 41990.4 1814.4 8899.2 51840 0 0.061313 92.67048
36491 730451 8.032510841 7.945251875 10.04925013 0.016052274 0.035461475 0.910796683 1.663569036 1.549796572 1.099052838 5.152929193290616 0.012121259 0.000915279 0.074207027 0.02488375 0.069470172 0.003715513 0.013333333 0.412392671 0.130042952 123.9462 0.036769539 0.112949901 0.011769539 41990.4 1814.4 8899.2 51840 0 0.062798 94.62096
36492 730452 7.787299939 7.950806667 9.936491595 0.015686459 0.037554874 0.928907647 1.722860853 1.548021294 1.086586509 5.179639109091422 0.011849894 0.000740442 0.070848205 0.02232 0.068728276 0.00340652 0.013333333 0.416937869 0.1192282 122.84118 0.037276968 0.114895044 0.012276968 41990.4 1814.4 8899.2 51840 0 0.064341 78.1326
36493 730453 7.553803934 7.956133958 9.827246259 0.015336611 0.039554091 0.946226659 1.779150647 1.546223151 1.075121015 5.142215681707294 0.011587486 0.000580115 0.067599155 0.01986125 0.068045273 0.003110182 0.013333333 0.421681623 0.108856373 121.76388 0.037776 0.116808 0.012776 41990.4 1814.4 8899.2 51840 0 0.065953 6.30504
36494 730454 7.334941291 7.96112 9.723646281 0.015006681 0.041418511 0.962611435 1.831377435 1.544406159 1.06478073 5.055124614806164 0.011338317 0.000435915 0.064524209 0.01756 0.067428744 0.002832827 0.013333333 0.426678131 0.099148933 120.71682 0.038263277 0.118675895 0.013263277 41990.4 1814.4 8899.2 51840 0 0.067643 17.78112
36495 730455 7.133630473 7.965651042 9.627823823 0.014700622 0.043107523 0.977919694 1.878480234 1.542574336 1.055690027 4.994149422424589 0.011106665 0.000309461 0.0616877 0.01546875 0.066886268 0.002580781 0.013333333 0.431981588 0.090327344 119.7 0.03873544 0.120485854 0.01373544 50803.2 1814.4 11318.4 51840 7862.4 0.069423 27.07992
36496 730456 6.952789944 7.969613333 9.541911048 0.014422383 0.044580514 0.992009152 1.919398062 1.540731697 1.047973281 4.948589700173164 0.010896812 0.00020237 0.05915396 0.01364 0.066425425 0.002360373 0.013333333 0.437646192 0.082613067 118.70586 0.039189131 0.122225003 0.014189131 50803.2 1814.4 11318.4 51840 7862.4 0.071301 27.80568
36497 730457 6.795338169 7.972893125 9.468040116 0.014175917 0.04579687 1.004737528 1.953069936 1.538882261 1.041754865 4.907586457651506 0.010713038 0.00011626 0.056987321 0.01212625 0.066053797 0.00217793 0.013333333 0.443726138 0.076227565 117.72558 0.039620991 0.123880466 0.014620991 50803.2 1814.4 11318.4 51840 7862.4 0.073287 27.17064
36498 730458 6.66419361 7.975376667 9.408343189 0.013965175 0.046715978 1.015962538 1.978434872 1.537030043 1.037159152 4.856989391364512 0.010559622 5.27E-05 0.055252115 0.01098 0.065778963 0.00203978 0.013333333 0.450275624 0.0713923 116.75916 0.040027662 0.12543937 0.015027662 50803.2 1814.4 11318.4 51840 7862.4 0.075393 15.51312
36499 730459 6.562274733 7.976950208 9.36495243 0.013794107 0.047297226 1.025541901 1.994431887 1.535179062 1.034310517 4.790687683792002 0.010440845 1.35E-05 0.054012675 0.01025375 0.0656 0.00195225 0.013333333 0.457348845 0.068328735 115.8066 0.040405784 0.12688884 0.015405784 50803.2 1814.4 11318.4 51840 7862.4 0.077627 5.91948
36500 730460 6.4925 7.9775 9.34 0.013666667 0.0475 1.033333333 2 1.533333333 1.033333333 4.735444594432872 0.010360986 0 0.053333333 0.01 0.0656 0.001921667 0.013333333 0.465 0.067258333 114.8679 0.040752 0.128216 0.015752 50803.2 1814.4 11318.4 51840 7862.4 0.08 20.59344